-0.143646	3.840331
1.463329	8.982651
-0.217456	3.604141
-0.770075	1.835761
-0.291563	3.366997
0.679209	6.473469
-0.024250	4.222401
-0.991847	1.126089
-0.105345	3.962896
-1.015835	1.049328
-0.528869	2.607618
-0.502465	2.692111
1.101816	7.825812
1.336717	8.577495
-0.711741	2.022428
-0.515851	2.649276
-0.602663	2.371477
-1.212636	0.419566
0.784950	6.811839
-1.013763	1.055959
1.056009	7.679230
0.008274	4.326475
0.190914	4.910924
0.811556	6.896981
-1.005751	1.081598
-0.273178	3.425831
0.819521	6.922467
1.595258	9.404826
0.486771	5.857669
0.073157	4.534104
1.964006	10.584818
2.043513	10.839242
-0.483293	2.753463
-0.453855	2.847665
-0.968767	1.199946
0.022755	4.372817
2.334319	11.769820
-0.504373	2.686007
-1.056532	0.919097
0.505166	5.916531
0.859670	7.050943
-0.755770	1.881536
-0.690179	2.091429
2.570719	12.526300
-0.128286	3.889486
0.599104	6.217134
-0.672838	2.146920
-0.614982	2.332057
0.508225	5.926318
0.059244	4.489580
0.072686	4.532596
1.846905	10.210097
-0.746052	1.912635
1.111263	7.856041
0.440212	5.708677
-0.829547	1.645450
0.531165	5.999729
-1.524813	-0.579402
1.082682	7.764583
1.223802	8.216165
-1.884780	-1.731297
-1.020694	1.033779
0.012843	4.341097
1.046783	7.649706
-0.502322	2.692569
-0.472696	2.787371
-0.520358	2.634856
-0.013457	4.256939
-0.974514	1.181557
1.717602	9.796326
0.534215	6.009488
1.370843	8.686699
-0.877188	1.492999
1.347215	8.611089
-0.225529	3.578308
-2.067623	-2.316393
-1.140228	0.651271
-0.038433	4.177016
1.022549	7.572156
-0.354829	3.164546
2.096256	11.008019
0.559071	6.089027
-1.777023	-1.386474
-1.023246	1.025612
2.119625	11.082801
-0.791454	1.767348
-0.688477	2.096874
-0.081593	4.038902
0.513569	5.943421
0.223217	5.014295
-1.540083	-0.628266
-0.366424	3.127442
1.371126	8.687602
0.267403	5.155688
-0.456131	2.840382
-1.102383	0.772375
-0.858101	1.554077
-0.815976	1.688876
0.012026	4.338484
-1.975714	-2.022284
-0.411913	2.981878
-1.149182	0.622619
0.958594	7.367502
-2.420228	-3.444731
0.555892	6.078854
3.063930	14.104576
-0.990209	1.131332
1.268232	8.358343
-0.167966	3.762509
1.252569	8.308222
-0.999529	1.101508
-1.230118	0.363622
-2.227286	-2.827314
-1.068735	0.880047
-0.843268	1.601542
-2.970123	-5.204394
-0.929593	1.325302
-2.316426	-3.112562
-1.039767	0.972747
0.577304	6.147372
-0.089720	4.012896
-0.938655	1.296304
-0.905834	1.401332
-1.762678	-1.340569
-0.185198	3.707366
0.520753	5.966408
0.092180	4.594977
1.485436	9.053396
-0.709336	2.030123
-0.903627	1.408392
-0.045642	4.153946
-0.613322	2.337368
0.422479	5.651934
0.291065	5.231407
-1.113500	0.736801
1.070243	7.724779
-0.314434	3.293811
-0.511961	2.661726
-0.420285	2.955088
-0.570892	2.473145
-0.016447	4.247369
0.017705	4.356658
-0.428655	2.928303
-1.572119	-0.730781
-0.848255	1.585584
-0.015644	4.249940
0.966913	7.394122
-0.685952	2.104952
-0.568292	2.481466
-0.964774	1.212722
-0.203984	3.647250
-0.047551	4.147837
0.056737	4.481559
1.516254	9.152013
0.911493	7.216779
-1.838355	-1.582737
0.156269	4.800062
-0.910698	1.385766
0.356050	5.439361
-1.940043	-1.908138
0.464391	5.786051
1.174373	8.057992
1.143975	7.960719
0.320348	5.325113
1.467516	8.996050
-0.162411	3.780285
1.104052	7.832967
0.634534	6.330507
1.046310	7.648192
-0.233814	3.551797
0.386724	5.537516
1.220386	8.205235
-0.848876	1.583595
-0.181929	3.717828
-0.119845	3.916497
-2.226882	-2.826024
0.097020	4.610463
-1.499757	-0.499224
-1.614210	-0.865473
0.478699	5.831835
0.929178	7.273370
-0.255880	3.481183
-0.958748	1.232006
-1.228737	0.368043
0.265980	5.151136
1.153586	7.991475
-0.285330	3.386945
2.295929	11.646972
-1.408273	-0.206473
0.929222	7.273510
1.613703	9.463848
1.878822	10.312230
0.725452	6.621448
-0.548664	2.544275
1.129804	7.915372
2.464615	12.186767
0.054765	4.475247
-0.616905	2.325905
0.627929	6.309371
-0.238125	3.537999
0.256336	5.120276
0.045007	4.444023
-0.965507	1.210379
-1.171683	0.550616
-1.032387	0.996360
-1.884652	-1.730888
-1.146237	0.632041
2.244682	11.482982
1.632329	9.523452
-0.823696	1.664173
0.477557	5.828182
-0.059024	4.111124
-0.095770	3.993537
-0.358124	3.154003
-0.993796	1.119854
0.609667	6.250934
1.195394	8.125259
1.069275	7.721681
-1.291257	0.167977
1.049104	7.657132
-1.693157	-1.118103
-0.209191	3.630590
-1.823995	-1.536784
-0.452143	2.853142
0.946446	7.328629
-0.292685	3.363409
-0.058679	4.112229
0.695945	6.527025
0.042128	4.434811
0.349270	5.417664
0.076716	4.545490
1.588237	9.382358
-1.071080	0.872543
-1.970405	-2.005295
0.036743	4.417578
1.639275	9.545678
0.413411	5.622917
1.531489	9.200764
-0.136732	3.862456
-0.329897	3.244330
-0.511165	2.664271
-0.120024	3.915925
0.537712	6.020679
-0.693578	2.080549
-1.706127	-1.159607
-1.463368	-0.382778
0.097467	4.611894
2.510847	12.334712
-1.817437	-1.515797
1.223334	8.214668
-1.113882	0.735578
-1.082248	0.836806
0.298832	5.256264
0.859464	7.050285
0.410721	5.614308
-0.685318	2.106982
-0.431283	2.919894
-0.004419	4.285861
0.842537	6.996118
-0.166332	3.767737
0.141912	4.754118
0.310603	5.293929
1.573562	9.335397
-0.042493	4.164024
0.429676	5.674964
0.061805	4.497775
-0.194101	3.678877
0.074354	4.537932
-0.497677	2.707432
-2.278947	-2.992632
0.186143	4.895656
-0.146974	3.829683
-0.525817	2.617385
-0.926353	1.335669
-0.473494	2.784820
0.681097	6.479512
-0.882968	1.474502
1.096219	7.807901
-1.854616	-1.634770
-1.255571	0.282172
-0.708692	2.032184
0.388238	5.542362
0.395790	5.566529
2.533429	12.406974
0.279175	5.193359
0.568051	6.117765
0.926860	7.265952
0.693491	6.519171
0.821730	6.929536
-1.333549	0.032643
-1.041026	0.968716
-1.001214	1.096116
-0.305547	3.322248
-0.657236	2.196846
-1.721478	-1.208728
1.203929	8.152572
0.552686	6.068597
1.219082	8.201061
-0.642364	2.244436
-2.307789	-3.084925
-0.846613	1.590838
0.420207	5.644661
1.229176	8.233365
-1.400319	-0.181022
0.279895	5.195665
-0.578232	2.449657
1.441814	8.913805
0.392968	5.557498
-1.221550	0.391039
-0.535026	2.587918
-1.430165	-0.276529
-1.807742	-1.484776
1.035037	7.612119
0.573178	6.134171
-0.105052	3.963833
1.487615	9.060368
0.800635	6.862032
0.933516	7.287250
0.052499	4.467997
0.457665	5.764527
-1.988868	-2.064376
0.944138	7.321241
0.063634	4.503628
-0.954801	1.244635
0.035095	4.412303
0.660604	6.413934
1.482923	9.045352
1.639399	9.546078
1.307585	8.484272
0.139042	4.744934
-1.237476	0.340075
-0.190833	3.689333
0.134601	4.730723
-1.702175	-1.146959
-1.144092	0.638906
0.843805	7.000175
1.009570	7.530625
-0.252552	3.491833
1.608092	9.445893
1.904359	10.393949
-1.006232	1.080058
-0.408795	2.991856
0.519048	5.960954
0.316957	5.314264
1.222610	8.212353
1.508213	9.126281
0.325258	5.340824
-0.941174	1.288243
-0.990516	1.130347
0.252890	5.109249
-0.358574	3.152563
-0.337606	3.219661
1.690380	9.709218
-0.837039	1.621476
-0.345290	3.195073
0.292679	5.236573
-0.230174	3.563442
-0.075201	4.059356
-1.777909	-1.389307
0.782007	6.802423
0.730757	6.638422
0.829146	6.953267
0.965128	7.388411
0.070410	4.525311
-0.370657	3.113899
-1.601628	-0.825208
-0.762661	1.859483
-1.091105	0.808465
-0.155269	3.803140
-1.302058	0.133415
0.058361	4.486754
-1.020950	1.032960
-0.302321	3.332572
0.106861	4.641955
-2.229196	-2.833427
0.336312	5.376197
1.206508	8.160824
-0.009844	4.268500
-0.386174	3.064244
-0.032077	4.197352
0.695242	6.524774
-1.073084	0.866130
-0.045436	4.154603
-0.692880	2.082785
0.612656	6.260499
1.405741	8.798372
-0.872423	1.508246
-1.351286	-0.024114
-2.209658	-2.770905
-0.350965	3.176913
1.057230	7.683138
-0.046825	4.150160
1.819329	10.121853
0.589253	6.185610
0.070384	4.525230
-1.589153	-0.785288
2.375667	11.902134
0.419695	5.643025
-1.227169	0.373060
-0.535064	2.587796
0.387295	5.539345
-0.270031	3.435900
0.860049	7.052156
0.330873	5.358793
-2.611099	-4.055517
-0.490321	2.730973
0.700150	6.540479
0.423879	5.656412
2.237495	11.459985
0.535546	6.013746
-1.619974	-0.883917
-1.198086	0.466124
-1.203155	0.449903
-1.326561	0.055004
-1.978201	-2.030244
0.020534	4.365709
-1.513806	-0.544180
-1.115826	0.729357
-0.431292	2.919867
0.248861	5.096355
1.227568	8.228218
0.883216	7.126292
-0.208914	3.631475
-1.354185	-0.033391
-1.705837	-1.158679
2.000446	10.701426
0.735871	6.654788
-1.216409	0.407491
-0.250799	3.497442
0.211294	4.976141
-1.511095	-0.535504
-0.537495	2.580016
0.224887	5.019639
-2.031922	-2.202151
0.870028	7.084090
-0.176736	3.734446
-1.341244	0.008019
-0.574446	2.461774
-0.055335	4.122929
1.165928	8.030970
-0.560178	2.507431
0.244832	5.083461
-0.673789	2.143874
-1.130487	0.682443
-0.987011	1.141564
0.425655	5.662095
-0.647162	2.229082
-0.200664	3.657876
0.190114	4.908365
0.076251	4.544002
2.017216	10.755092
0.282894	5.205261
1.189031	8.104898
2.514592	12.346695
0.216358	4.992345
1.076539	7.744925
-0.137738	3.859239
-0.531753	2.598392
-1.120677	0.713832
-0.582012	2.437560
-0.152407	3.812296
-0.229755	3.564784
-0.107591	3.955708
1.268961	8.360674
-1.452395	-0.347664
0.247396	5.091666
0.652371	6.387587
-0.207988	3.634439
0.146874	4.769996
0.365221	5.468706
0.192604	4.916331
-0.890958	1.448936
-0.168127	3.761994
-0.015753	4.249591
1.975423	10.621353
-0.832874	1.634804
0.105850	4.638719
-0.725532	1.978299
-0.946877	1.269995
-0.004585	4.285327
1.015845	7.550704
-1.329227	0.046474
-0.425923	2.937046
-0.330945	3.240975
-0.350327	3.178955
-1.129527	0.685512
0.430721	5.678306
0.037607	4.420343
1.717514	9.796045
0.641402	6.352486
0.734430	6.650176
0.452430	5.747774
1.460508	8.973625
-0.381974	3.077684
0.159815	4.811409
-1.221042	0.392667
1.847579	10.212252
-1.051992	0.933627
0.718049	6.597756
-1.421133	-0.247626
0.985874	7.454796
0.055533	4.477706
1.259128	8.329209
-0.243001	3.522397
1.224304	8.217772
0.775806	6.782579
1.196956	8.130260
-0.019101	4.238877
0.323475	5.335120
-0.661019	2.184739
1.032953	7.605451
0.540275	6.028879
-0.249599	3.501283
-0.488666	2.736268
1.523679	9.175772
1.341723	8.593513
-0.814753	1.692790
-0.039642	4.173147
0.652391	6.387653
-1.561443	-0.696617
0.090791	4.590532
0.237013	5.058441
-1.465783	-0.390506
0.687145	6.498865
-1.036643	0.982744
1.097382	7.811621
1.666600	9.633119
0.788692	6.823816
0.321740	5.329567
0.373222	5.494310
-0.847452	1.588152
-0.537045	2.581456
-0.357974	3.154483
-0.281294	3.399861
0.192563	4.916203
-0.526333	2.615733
0.153691	4.791813
-1.726256	-1.224018
-1.124106	0.702861
1.804180	10.073375
0.152810	4.788992
1.016122	7.551592
-0.271545	3.431056
-0.283825	3.391761
0.609637	6.250839
-1.334079	0.030947
-0.344510	3.197567
1.153081	7.989859
0.246537	5.088919
0.608970	6.248704
-0.663448	2.176968
0.892059	7.154588
-2.770052	-4.564167
-0.598894	2.383540
0.941473	7.312714
0.056460	4.480671
-0.297865	3.346832
0.760461	6.733476
0.685498	6.493593
0.145157	4.764502
-0.360174	3.147443
-0.082066	4.037389
-1.438317	-0.302614
0.933279	7.286492
-0.674034	2.143090
-0.438406	2.897100
-0.313418	3.297063
-0.199579	3.661348
1.348714	8.615884
0.078980	4.552735
-0.699859	2.060450
2.116679	11.073373
0.461059	5.775387
-1.617470	-0.875904
0.676799	6.465758
-1.432293	-0.283336
1.298845	8.456303
-0.314736	3.292844
0.258707	5.127861
-0.050272	4.139130
1.228141	8.230051
0.632006	6.322418
1.452959	8.949470
0.819655	6.922897
-0.333591	3.232510
-0.141839	3.846116
0.037217	4.419096
-0.973164	1.185874
-1.112648	0.739525
0.717145	6.594863
-0.387482	3.060058
1.173791	8.056130
0.408977	5.608728
-1.139863	0.652438
-0.227569	3.571780
1.073772	7.736070
-0.049764	4.140756
0.154848	4.795512
-0.784015	1.791152
0.726954	6.626253
0.962670	7.380545
0.088640	4.583648
-0.108314	3.953397
0.584487	6.170359
0.833165	6.966128
0.890683	7.150185
-0.822289	1.668674
0.682679	6.484573
-0.699410	2.061888
0.659566	6.410611
-0.807247	1.716811
-1.261889	0.261954
1.286715	8.417487
0.274071	5.177026
0.229284	5.033709
-2.081407	-2.360501
-1.221980	0.389664
-1.473737	-0.415960
-0.791824	1.766163
0.370494	5.485579
-0.815081	1.691742
0.028224	4.390317
-0.491833	2.726134
-0.856829	1.558149
1.607059	9.442588
-0.277009	3.413570
-0.800940	1.736991
-0.922388	1.348359
-0.349484	3.181652
-1.803887	-1.472437
-0.324756	3.260780
-1.164441	0.573788
-1.661578	-1.017049
1.229407	8.234103
-1.527226	-0.587122
-0.613332	2.337336
0.660717	6.414295
0.063592	4.503496
-1.313906	0.095501
0.403302	5.590568
-0.448396	2.865134
-0.786223	1.784086
-0.544713	2.556917
-0.001806	4.294219
0.505809	5.918590
0.491498	5.872792
0.381269	5.520062
0.219787	5.003318
-0.087503	4.019990
1.315257	8.508822
0.533982	6.008743
-1.520452	-0.565445
-1.414522	-0.226469
-0.686034	2.104690
-0.166743	3.766422
0.600015	6.220047
1.703820	9.752224
-0.006703	4.278549
0.166129	4.831613
-1.711796	-1.177747
0.655800	6.398561
-0.084450	4.029758
-0.837499	1.620005
-1.104583	0.765333
0.414910	5.627710
0.279745	5.195182
0.837372	6.979589
-0.208640	3.632352
0.138302	4.742565
-0.197335	3.668527
1.175658	8.062107
-0.608306	2.353421
-0.740812	1.929401
-0.923061	1.346206
-0.440812	2.889402
0.696565	6.529007
0.641939	6.354204
-0.015619	4.250020
-1.002584	1.091732
-0.143663	3.840279
0.588385	6.182834
0.656477	6.400727
-1.051616	0.934827
-1.469929	-0.403773
-1.747986	-1.293556
0.722209	6.611067
-0.179258	3.726373
-0.878087	1.490121
-0.847726	1.587278
1.871736	10.289557
0.630742	6.318375
-0.540350	2.570881
-0.911918	1.381862
-0.341916	3.205867
2.108307	11.046583
-0.764679	1.853028
-0.952103	1.253272
-1.140770	0.649535
1.000885	7.502833
-1.265946	0.248972
-0.984448	1.149767
-2.171936	-2.650194
-0.478794	2.767860
1.059652	7.690886
1.095006	7.804020
-1.113744	0.736020
-0.323889	3.263556
0.121668	4.689336
0.919371	7.241988
0.786554	6.816973
1.777516	9.988053
0.639855	6.347535
-0.979933	1.164215
0.746145	6.687663
-1.336556	0.023019
-0.102472	3.972089
0.411554	5.616973
-0.203374	3.649202
1.266520	8.352864
-0.769504	1.837586
0.886541	7.136930
-0.629714	2.284916
0.820511	6.925634
-0.986509	1.143171
0.555408	6.077307
1.790569	10.029821
0.695366	6.525171
1.423103	8.853931
0.169934	4.843788
-0.534203	2.590549
-0.884875	1.468401
1.213168	8.182137
1.017333	7.555467
0.450718	5.742298
0.399590	5.578688
-0.505701	2.681757
-0.825409	1.658691
0.109993	4.651977
-1.215849	0.409284
-0.517583	2.643734
1.339709	8.587068
1.326934	8.546188
-1.870576	-1.685843
-1.916411	-1.832514
0.542548	6.036154
0.074918	4.539737
-0.682088	2.117319
-0.562945	2.498575
0.289865	5.227568
-0.958829	1.231748
0.111056	4.655378
0.468022	5.797671
1.235394	8.253260
-0.032835	4.194928
-0.607874	2.354805
-0.399496	3.021612
1.494908	9.083707
0.046623	4.449193
-0.058162	4.113881
-2.329584	-3.154668
0.685099	6.492316
0.979160	7.433313
0.002113	4.306762
-0.571697	2.470571
0.133182	4.726182
-1.005641	1.081948
-0.332792	3.235066
1.253789	8.312124
0.486013	5.855242
1.673129	9.654012
0.260678	5.134169
-0.943781	1.279902
-0.033883	4.191574
-0.247958	3.506535
-0.691017	2.088747
0.773154	6.774092
-1.878805	-1.712176
1.059667	7.690933
0.124632	4.698822
0.874950	7.099840
-0.377773	3.091126
0.241002	5.071208
-1.003353	1.089271
-0.845903	1.593111
-1.297321	0.148574
1.646607	9.569143
-0.522929	2.626628
-2.534817	-3.811415
-0.631886	2.277963
-1.282257	0.196776
-2.146933	-2.570185
0.697840	6.533087
-0.853519	1.568739
-0.105495	3.962417
-0.690008	2.091974
-0.674731	2.140861
0.508483	5.927145
-0.448543	2.864664
0.193241	4.918371
1.138513	7.943242
1.415344	8.829099
0.762530	6.740095
-0.481024	2.760722
-0.832331	1.636539
-1.113847	0.735690
0.090186	4.588594
2.701055	12.943377
0.325052	5.340167
0.467166	5.794930
0.603339	6.230684
-0.753299	1.889444
-0.576881	2.453980
0.842663	6.996520
0.223375	5.014799
-0.009483	4.269654
-2.949426	-5.138163
-0.382938	3.074599
1.507838	9.125082
-0.240942	3.528986
1.145790	7.966527
-0.649495	2.221614
0.153128	4.790010
1.649593	9.578697
2.122719	11.092702
-0.010441	4.266590
-1.439327	-0.305846
1.203910	8.152512
-0.738073	1.938166
-0.924743	1.340823
-0.743826	1.919757
-0.247954	3.506546
1.667736	9.636754
-0.874733	1.500855
-0.015167	4.251467
-0.307896	3.314732
-1.083479	0.832869
1.023821	7.576228
0.079717	4.555094
-1.136751	0.662396
0.984468	7.450297
2.636759	12.737628
-0.228135	3.569968
-0.014397	4.253931
-0.759410	1.869889
-1.481140	-0.439647
0.603436	6.230994
0.875462	7.101479
-0.341045	3.208656
-0.182391	3.716350
1.577818	9.349017
0.724968	6.619897
-0.579935	2.444207
0.383757	5.528021
0.667076	6.434644
-0.121356	3.911662
1.044456	7.642260
-1.761658	-1.337304
0.162033	4.818506
0.302602	5.268326
0.970596	7.405908
0.345989	5.407165
-1.234094	0.350900
-1.748859	-1.296349
-1.574204	-0.737454
0.110508	4.653626
1.192121	8.114786
0.091037	4.591320
2.169917	11.243736
-0.063627	4.096394
0.165621	4.829987
-1.782443	-1.403819
0.847665	7.012527
-1.453735	-0.351951
1.116518	7.872859
0.658293	6.406538
-0.855673	1.561846
-0.137819	3.858978
0.336588	5.377083
-0.776864	1.814035
0.113411	4.662915
-0.088126	4.017998
-0.542086	2.565326
2.193985	11.320752
0.355252	5.436807
-0.034695	4.188976
0.150519	4.781660
0.732089	6.642683
-0.499952	2.700153
-0.558771	2.511932
1.257027	8.322488
0.123522	4.695270
-0.229352	3.566075
1.020456	7.565458
-0.304588	3.325317
-1.003805	1.087825
-1.480654	-0.438094
-1.459238	-0.369561
1.205453	8.157450
-1.450790	-0.342529
0.051195	4.463823
0.505609	5.917948
0.391153	5.551688
-0.098038	3.986277
0.031108	4.399546
0.053925	4.472561
-1.081950	0.837758
-1.532782	-0.604902
1.051400	7.664479
0.691321	6.512226
-1.266771	0.246332
1.531044	9.199340
-0.555431	2.522622
1.695008	9.724025
-0.899369	1.422018
-1.500645	-0.502063
-1.223012	0.386361
1.513133	9.142026
0.723330	6.614656
-0.837043	1.621462
-0.773588	1.824518
-0.423021	2.946332
0.250699	5.102236
1.571406	9.328498
-0.162383	3.780373
-0.276499	3.415202
-1.239626	0.333197
0.968517	7.399255
-0.127793	3.891063
0.208456	4.967059
0.561955	6.098254
0.643937	6.360600
0.069716	4.523091
-0.066133	4.088373
0.220260	5.004833
1.413513	8.823241
0.745937	6.686997
-0.924824	1.340564
-0.887191	1.460989
2.603352	12.630727
0.444895	5.723663
-0.771128	1.832392
0.734386	6.650035
1.703712	9.751880
0.045464	4.445486
-1.602505	-0.828017
0.140642	4.750053
-1.063847	0.895689
0.840089	6.988285
0.357781	5.444899
-0.857416	1.556268
0.296906	5.250099
-1.770993	-1.367176
-0.364756	3.132782
0.385559	5.533789
0.378570	5.511423
-0.012250	4.260800
3.290517	14.829656
0.435946	5.695026
0.192556	4.916179
1.553274	9.270477
-0.133216	3.873707
1.504486	9.114355
1.299045	8.456944
1.132001	7.922402
-0.797769	1.747139
-1.583022	-0.765671
0.735565	6.653809
-0.523450	2.624961
-0.155672	3.801849
1.078042	7.749734
-0.439625	2.893200
1.156994	8.002381
-0.353890	3.167551
0.715264	6.588845
0.649116	6.377173
-1.385434	-0.133390
1.773236	9.974355
0.231365	5.040368
-0.321448	3.271367
-0.329144	3.246739
-0.050603	4.138070
-2.046344	-2.248301
1.378224	8.710318
-0.522441	2.628188
-0.649720	2.220897
1.533206	9.206260
-1.314197	0.094569
0.573051	6.133763
0.736312	6.656200
0.903877	7.192407
0.331624	5.361198
-0.316512	3.287161
-0.139101	3.854876
-0.819377	1.677995
-0.811251	1.703996
-0.906886	1.397963
-0.900846	1.417291
1.183699	8.087836
0.075198	4.540632
-0.346217	3.192106
0.481804	5.841774
0.526079	5.983454
-1.123244	0.705619
1.416664	8.833325
-0.545402	2.554714
-1.278170	0.209857
-0.417894	2.962740
0.829153	6.953290
0.489521	5.866467
-0.422416	2.948269
0.441885	5.714033
0.322980	5.333536
0.187854	4.901132
-0.092005	4.005585
1.912593	10.420298
0.173911	4.856517
-1.115049	0.731845
1.780787	9.998519
-0.788907	1.775499
0.624104	6.297133
0.897376	7.171605
-1.222600	0.387681
-0.293094	3.362101
1.855044	10.236142
-0.308864	3.311635
-0.014204	4.254547
0.181929	4.882171
0.185176	4.892563
-0.471510	2.791168
0.127943	4.709418
2.617111	12.674754
0.546274	6.048077
1.206860	8.161951
0.045415	4.445327
0.621393	6.288456
1.407012	8.802440
-0.346664	3.190675
-0.743139	1.921955
0.323646	5.335666
-1.946296	-1.928148
1.040430	7.629375
0.193213	4.918282
0.476141	5.823652
-0.287035	3.381489
0.001700	4.305440
0.459010	5.768833
1.014009	7.544829
-0.255506	3.482382
-0.609094	2.350900
-0.565395	2.490736
0.691828	6.513850
0.016413	4.352521
0.142305	4.755376
-0.022756	4.227179
1.601071	9.423427
-1.296925	0.149839
-0.723585	1.984527
-0.628655	2.288303
0.553983	6.072747
0.502128	5.906809
0.399644	5.578861
-1.717840	-1.197087
0.600654	6.222092
0.045138	4.444440
-2.295862	-3.046758
1.209271	8.169668
-0.058693	4.112184
-0.456821	2.838171
-0.564571	2.493371
-0.495181	2.715422
-0.206053	3.640631
1.412115	8.818768
0.084670	4.570945
0.767300	6.755360
0.252094	5.106701
1.436141	8.895652
0.527847	5.989109
-0.038390	4.177151
-0.311669	3.302661
0.820731	6.926338
0.300078	5.260250
-0.397509	3.027971
0.287560	5.220193
-0.543567	2.560586
0.024771	4.379266
0.337020	5.378465
-2.767890	-4.557248
-0.022873	4.226807
0.467104	5.794732
1.123690	7.895809
-1.347353	-0.011529
1.566850	9.313920
-1.361077	-0.055446
1.339987	8.587959
-1.991088	-2.071483
-1.314203	0.094549
-0.196782	3.670299
1.828160	10.150112
2.411191	12.015812
-0.654220	2.206496
-0.937647	1.299531
0.168614	4.839565
2.226804	11.425774
-1.055527	0.922314
-0.418370	2.961217
0.297927	5.253365
-1.894342	-1.761893
-0.895285	1.435090
-0.921236	1.352045
-1.025522	1.018329
0.002960	4.309470
-1.041419	0.967459
-1.649599	-0.978717
0.418419	5.638940
-0.740826	1.929357
0.688974	6.504717
0.936972	7.298311
-0.721711	1.990525
0.647925	6.373361
-1.172713	0.547320
0.010563	4.333801
-1.485209	-0.452668
-1.694964	-1.123886
0.362938	5.461400
-0.025958	4.216934
-0.175090	3.739712
0.716452	6.592645
-1.313380	0.097184
0.502157	5.906903
1.794102	10.041127
0.699219	6.537501
1.218023	8.197673
0.234084	5.049069
-0.414910	2.972287
-1.855335	-1.637072
-0.877202	1.492955
0.570636	6.126036
1.628184	9.510189
-0.061280	4.103904
-0.192259	3.684773
-0.666305	2.167825
-2.046542	-2.248933
-0.750357	1.898857
-1.324856	0.060460
-1.168813	0.559798
-0.411692	2.982587
-1.640619	-0.949982
-0.344933	3.196215
-0.273457	3.424939
-2.411865	-3.417967
0.068866	4.520370
-0.891028	1.448710
0.032379	4.403614
-0.466343	2.807704
-1.480335	-0.437071
1.083872	7.768389
-0.301464	3.335315
1.944152	10.521288
-0.798503	1.744789
-2.331630	-3.161217
-0.176923	3.733846
0.010732	4.334342
-0.213692	3.616185
0.014519	4.346460
0.879503	7.114409
1.331932	8.562184
0.152290	4.787327
-0.705449	2.042562
-0.475713	2.777720
-0.524943	2.620183
0.347875	5.413201
-1.721401	-1.208482
-0.759291	1.870269
-0.239579	3.533349
-0.435167	2.907466
-1.701144	-1.143661
-0.015271	4.251132
0.444945	5.723824
-0.600347	2.378889
-0.260201	3.467356
-0.011681	4.262619
-2.161127	-2.615605
-0.912743	1.379221
0.346747	5.409590
0.010269	4.332861
0.196872	4.929990
0.494243	5.881578
0.101044	4.623340
0.021096	4.367506
1.203012	8.149639
-2.205295	-2.756943
0.074484	4.538350
2.004404	10.714092
-0.084757	4.028776
0.601137	6.223637
-2.240342	-2.869095
1.687286	9.699316
0.411726	5.617524
-0.026019	4.216738
-0.446443	2.871382
1.033248	7.606395
-1.610080	-0.852257
-0.275802	3.417433
0.150021	4.780067
1.695261	9.724836
-0.333378	3.233190
-1.995324	-2.085038
-0.177079	3.733346
-0.729102	1.966872
-0.790401	1.770715
0.059220	4.489503
0.518345	5.958703
2.256776	11.521683
1.115012	7.868039
-0.290729	3.369666
-0.328737	3.248042
1.738312	9.862597
-1.707824	-1.165038
-1.519762	-0.563238
1.007589	7.524286
-1.176946	0.533772
-0.646646	2.230731
0.641415	6.352529
-0.615827	2.329353
-0.922300	1.348640
-0.284199	3.390563
1.462976	8.981522
-1.361605	-0.057135
-0.835066	1.627788
-0.336244	3.224020
-2.269138	-2.961243
-0.026566	4.214987
1.820078	10.124249
-2.533651	-3.807683
-1.368347	-0.078711
0.606995	6.242384
-1.106954	0.757748
0.138588	4.743482
0.284240	5.209567
-1.402120	-0.186785
0.880223	7.116713
0.760008	6.732024
-0.604336	2.366125
-0.140428	3.850631
0.289848	5.227515
-1.974881	-2.019618
1.718934	9.800587
-2.351569	-3.225020
1.731170	9.839743
-0.248984	3.503251
-0.534620	2.589215
0.297638	5.252442
-1.009374	1.070002
0.343281	5.398498
-1.822462	-1.531880
1.151254	7.984012
-1.229048	0.367046
1.682159	9.682910
-0.091641	4.006748
1.177822	8.069032
-0.530437	2.602600
-0.054302	4.126232
-2.022365	-2.171567
1.736529	9.856892
-1.883991	-1.728772
0.325337	5.341079
-0.064389	4.093954
1.071118	7.727579
0.142779	4.756892
-0.703896	2.047534
-0.225506	3.578381
0.131312	4.720200
0.434132	5.689222
0.340287	5.388919
-0.368293	3.121461
-0.392748	3.043208
0.551613	6.065161
0.033914	4.408526
-0.218074	3.602164
-1.219211	0.398524
1.262713	8.340682
-1.883934	-1.728589
-2.200871	-2.742787
1.242569	8.276219
-0.987102	1.141272
-0.958369	1.233220
0.732383	6.643626
0.648082	6.373864
-0.532623	2.595608
-0.473082	2.786139
-0.130682	3.881816
0.305268	5.276858
-1.104065	0.766992
0.879468	7.114296
-1.192424	0.484242
-1.436035	-0.295311
-0.683080	2.114143
1.054490	7.674367
-0.321187	3.272202
0.360549	5.453758
-0.784436	1.789806
-1.192895	0.482736
-1.424721	-0.259107
-0.475858	2.777256
-0.067632	4.083577
0.426921	5.666147
-0.040209	4.171331
-0.052220	4.132895
-1.112907	0.738697
-1.117579	0.723747
-0.129455	3.885745
-1.423851	-0.256324
-0.112085	3.941326
0.993892	7.480455
1.291430	8.432576
-0.123907	3.903497
-0.738280	1.937505
0.333326	5.366643
-0.757681	1.875420
-1.884738	-1.731162
-1.182629	0.515589
1.302264	8.467245
0.378242	5.510375
2.178070	11.269823
0.907910	7.205311
0.845833	7.006666
1.117665	7.876528
-0.946119	1.272418
0.884359	7.129947
-1.937640	-1.900447
0.544317	6.041813
0.752194	6.707020
-0.550332	2.538939
-0.745834	1.913330
0.500983	5.903144
0.130591	4.717891
1.140653	7.950090
-0.342645	3.203534
0.987925	7.461360
-1.364324	-0.065836
0.820132	6.924424
1.054622	7.674789
-0.239334	3.534130
0.549844	6.059500
-0.290852	3.369273
0.407588	5.604281
-0.555569	2.522179
0.643503	6.359209
0.311867	5.297973
0.129828	4.715449
1.886714	10.337485
1.469377	9.002005
0.708409	6.566908
0.303017	5.269656
-0.089668	4.013062
-1.098648	0.784327
0.203799	4.952156
1.138829	7.944254
-0.088387	4.017161
-0.355928	3.161032
-0.528231	2.609662
-2.757724	-4.524717
0.809462	6.890279
0.550352	6.061126
0.586987	6.178357
0.365004	5.468013
1.589928	9.387769
0.362654	5.460494
0.094320	4.601825
0.482121	5.842786
-1.560540	-0.693727
0.070837	4.526680
1.170568	8.045817
0.119359	4.681948
-1.694316	-1.121812
0.440466	5.709490
-0.661953	2.181749
-0.090182	4.011419
0.452220	5.747103
-0.273060	3.426207
-0.595828	2.393352
0.594922	6.203750
-0.452323	2.852565
1.318448	8.519033
-0.671653	2.150711
1.355351	8.637124
-0.073935	4.063409
0.553145	6.070064
0.997895	7.493264
0.335285	5.372912
-1.749824	-1.299436
0.238297	5.062550
-0.476279	2.775908
1.459707	8.971062
-2.096549	-2.408958
-0.472978	2.786472
0.700430	6.541375
-0.435433	2.906615
0.533136	6.006034
0.910665	7.214127
0.877679	7.108574
0.222184	5.010988
-1.178041	0.530268
-0.247836	3.506926
-0.107120	3.957217
0.651989	6.386364
1.601893	9.426059
0.939954	7.307853
0.272165	5.170928
0.530194	5.996621
-0.511042	2.664666
0.287684	5.220590
0.802296	6.867346
0.587799	6.180957
-1.358180	-0.046175
0.592230	6.195135
0.881101	7.119523
1.234674	8.250956
1.700100	9.740320
-0.319971	3.276092
1.207658	8.164504
0.149775	4.779279
1.005122	7.516391
-0.693563	2.080600
0.180977	4.879127
-0.644905	2.236304
0.642545	6.356143
0.409526	5.610482
-0.272696	3.427374
-0.061527	4.103113
1.265890	8.350848
1.242363	8.275563
-1.005526	1.082316
-0.073997	4.063209
-0.131035	3.880687
-0.208569	3.632579
-0.138001	3.858398
-0.380596	3.082091
1.229626	8.234803
-0.929933	1.324213
-0.277200	3.412960
-0.759473	1.869686
-0.593453	2.400951
0.329266	5.353650
-0.066123	4.088405
0.123722	4.695910
2.132659	11.124508
0.486004	5.855212
1.556486	9.280757
-0.794236	1.758446
1.110992	7.855176
0.152361	4.787554
1.283235	8.406351
2.124734	11.099148
-1.370280	-0.084897
-0.501527	2.695114
-0.951700	1.254559
1.077974	7.749515
0.574562	6.138597
-1.202803	0.451030
0.184808	4.891386
0.876310	7.104193
-0.735043	1.947863
1.234500	8.250400
-1.435366	-0.293172
-1.291125	0.168401
-0.915200	1.371359
1.699399	9.738077
0.989657	7.466903
-0.450712	2.857722
0.577525	6.148079
-1.362569	-0.060219
-0.917637	1.363562
-0.595805	2.393425
-0.208547	3.632648
-0.140361	3.850845
-0.343935	3.199409
0.943917	7.320534
-0.318327	3.281355
1.665956	9.631058
0.466492	5.792775
0.087050	4.578559
0.592307	6.195383
-0.240892	3.529147
-0.384770	3.068737
-0.842803	1.603032
-0.128590	3.888511
-0.011306	4.263822
-0.083545	4.032654
-2.051969	-2.266302
2.263821	11.544226
-0.396869	3.030020
0.420346	5.645107
0.541429	6.032571
0.787760	6.820831
1.329616	8.554772
1.404885	8.795633
0.129267	4.713656
1.328099	8.549916
0.999396	7.498069
0.828138	6.950042
2.036482	10.816742
-0.417032	2.965498
1.711323	9.776233
-0.183800	3.711840
1.425731	8.862339
0.549914	6.059723
-0.908647	1.392330
0.781109	6.799548
0.924136	7.257236
-0.914844	1.372501
-0.496677	2.710635
-0.208886	3.631565
0.047336	4.451476
0.130310	4.716991
-1.300389	0.138755
-1.749746	-1.299186
-2.238616	-2.863570
0.382007	5.522421
0.194695	4.923023
0.413269	5.622461
2.550459	12.461468
0.809631	6.890818
-1.085489	0.826434
-0.654344	2.206099
0.055719	4.478301
1.424143	8.857258
1.229214	8.233484
0.243705	5.079855
0.252872	5.109190
1.599344	9.417901
0.796002	6.847206
-1.336128	0.024392
-0.245302	3.515033
0.659274	6.409675
0.366824	5.473836
-1.293688	0.160197
1.429656	8.874898
0.696319	6.528220
-1.096006	0.792782
-0.307904	3.314709
-0.501249	2.696004
0.040231	4.428738
-0.678406	2.129100
-0.583260	2.433569
-1.184520	0.509535
-0.230036	3.563886
-0.233515	3.552751
-1.001970	1.093697
2.270366	11.565172
1.308649	8.487675
1.096362	7.808359
0.756823	6.721833
0.828496	6.951189
-0.656682	2.198618
0.004242	4.313573
-1.080665	0.841871
0.254963	5.115882
-1.018137	1.041960
-1.733089	-1.245886
-1.405077	-0.196245
-1.376624	-0.105198
1.323961	8.536677
0.459022	5.768870
-0.819857	1.676458
0.628814	6.312205
-1.062112	0.901241
0.631951	6.322242
1.419429	8.842173
-0.794496	1.757611
-1.313980	0.095264
-0.620776	2.313517
0.736538	6.656921
0.467351	5.795522
-0.702988	2.050439
0.925203	7.260651
-0.055573	4.122167
0.847614	7.012364
0.594847	6.203511
-2.340935	-3.190993
0.812256	6.899219
-1.649621	-0.978789
-2.343228	-3.198330
0.573870	6.136383
-0.547124	2.549205
0.328078	5.349850
0.549476	6.058324
0.615763	6.270440
-1.376253	-0.104009
-0.380641	3.081947
1.076781	7.745698
1.020651	7.566083
0.748389	6.694845
-0.288619	3.376419
-0.084785	4.028689
-0.962687	1.219402
-2.008343	-2.126697
0.752991	6.709572
-0.593350	2.401279
-0.598092	2.386105
-0.219074	3.598962
-0.007558	4.275813
-1.000437	1.098601
1.043282	7.638502
1.202084	8.146670
-0.485845	2.745296
-0.241986	3.525645
-1.137892	0.658745
-0.219030	3.599103
0.426941	5.666211
1.800849	10.062717
1.230738	8.238363
-1.203136	0.449966
-0.376106	3.096460
-0.603365	2.369231
0.737310	6.659392
1.559591	9.290692
-1.411524	-0.216877
-0.211123	3.624406
-0.919667	1.357064
-0.184387	3.709961
-0.369361	3.118044
0.704147	6.553270
0.961683	7.377387
-0.950783	1.257495
0.249847	5.099511
-0.136971	3.861693
-0.384804	3.068628
-0.276474	3.415285
-1.063430	0.897024
-0.907692	1.395387
-0.212530	3.619906
0.273322	5.174631
-0.487702	2.739353
-0.193223	3.681687
0.675011	6.460034
-1.777408	-1.387705
1.156659	8.001310
-0.732978	1.954471
1.815976	10.111124
-1.834319	-1.569821
-1.225551	0.378237
0.865310	7.068992
0.454988	5.755962
-0.637235	2.260849
-2.268168	-2.958138
0.090507	4.589622
-1.393364	-0.158765
-0.487781	2.739100
0.870394	7.085260
-0.720818	1.993382
-0.145963	3.832919
-1.783558	-1.407385
-0.030068	4.203782
-1.587508	-0.780026
1.942001	10.514403
-0.490064	2.731796
-0.606049	2.360644
0.893702	7.159847
-1.070765	0.873552
0.181738	4.881562
1.048089	7.653885
0.734943	6.651818
-0.342233	3.204854
-2.681697	-4.281430
-2.557623	-3.884395
-0.367336	3.124524
-0.990147	1.131529
0.767665	6.756529
-0.600184	2.379411
2.533767	12.408056
0.536959	6.018269
1.865102	10.268326
-0.618685	2.320207
1.443563	8.919401
0.745962	6.687079
-0.564763	2.492760
0.937690	7.300609
-1.950110	-1.940353
1.039649	7.626875
-0.116905	3.925903
0.327021	5.346467
0.459871	5.771587
0.105489	4.637566
-0.611523	2.343128
-2.187175	-2.698959
-1.861592	-1.657093
-0.348067	3.186185
0.250749	5.102395
1.486336	9.056274
-0.324358	3.262056
-0.267900	3.442722
1.421078	8.847450
1.314609	8.506749
-1.152235	0.612847
0.279065	5.193007
-0.765777	1.849513
1.068737	7.719959
1.063450	7.703041
-0.964915	1.212270
1.048767	7.656055
1.476306	9.024179
0.319552	5.322566
-0.176514	3.735156
0.036522	4.416871
-0.269932	3.436217
-0.499611	2.701245
-0.249275	3.502319
-0.714115	2.014830
-0.052521	4.131934
-0.761964	1.861716
-0.480683	2.761815
-2.222579	-2.812253
1.242943	8.277417
-1.363046	-0.061746
0.594517	6.202455
-0.347718	3.187303
-1.302095	0.133295
-0.281612	3.398842
0.808099	6.885916
1.694315	9.721807
0.417462	5.635878
0.822172	6.930951
0.706523	6.560874
-0.808899	1.711523
0.500592	5.901893
0.104136	4.633235
2.256649	11.521278
0.406237	5.599959
-0.567677	2.483433
0.983345	7.446704
0.167045	4.834543
-0.809035	1.711089
0.387127	5.538806
0.531619	6.001180
-1.345700	-0.006241
1.040194	7.628621
-0.007262	4.276762
1.211771	8.177666
0.128471	4.711107
0.077425	4.547759
0.387659	5.540510
0.587008	6.178425
0.680049	6.476157
2.972386	13.811635
1.390902	8.750887
-0.840050	1.611840
1.035065	7.612208
1.215701	8.190243
-0.845235	1.595246
-1.348353	-0.014731
-1.529104	-0.593134
1.057085	7.682673
-0.031327	4.199754
1.639328	9.545851
-0.560106	2.507660
1.773918	9.976538
-0.543496	2.560811
-0.754904	1.884309
-0.364671	3.133054
-1.099361	0.782044
-1.089273	0.814327
-0.355127	3.163594
0.889383	7.146025
-1.155009	0.603973
2.334628	11.770811
2.011302	10.736167
-0.383297	3.073449
0.240464	5.069486
0.597938	6.213402
-0.633808	2.271814
1.532118	9.202777
0.654355	6.393935
-0.369425	3.117840
1.060789	7.694526
0.397140	5.570847
-0.238502	3.536795
-0.386233	3.064055
0.980243	7.436778
0.057606	4.484340
-1.550891	-0.662851
0.413061	5.621794
-0.081375	4.039600
-0.049362	4.142041
-0.030786	4.201486
1.929466	10.474290
-1.793014	-1.437646
1.433292	8.886535
0.151598	4.785114
-1.352288	-0.027322
-0.609791	2.348668
0.128656	4.711700
-0.683676	2.112236
-0.016340	4.247712
-0.549019	2.543140
0.031684	4.401388
0.357104	5.442734
-1.766009	-1.351228
1.324238	8.537563
1.237778	8.260890
1.286363	8.416362
0.640872	6.350789
1.385683	8.734186
-0.675990	2.136831
0.968450	7.399040
0.523037	5.973717
0.595791	6.206532
-0.120075	3.915760
-1.206462	0.439320
0.355940	5.439009
-1.338003	0.018391
-0.827340	1.652511
0.880336	7.117077
-1.759258	-1.329627
0.183403	4.886888
0.920006	7.244018
0.766832	6.753862
-0.233355	3.553262
-0.904021	1.407133
0.443624	5.719598
1.736522	9.856870
0.314761	5.307235
-0.978612	1.168442
-0.225818	3.577381
-1.034079	0.990948
1.219558	8.202585
-0.080456	4.042542
-0.592562	2.403800
0.759813	6.731400
-0.972206	1.188940
-0.522615	2.627631
0.093176	4.598165
1.334623	8.570792
1.694439	9.722204
0.029878	4.395610
-0.830858	1.641254
-0.989513	1.133559
-0.391003	3.048791
0.113343	4.662699
-1.716342	-1.192295
0.423727	5.655926
-0.108123	3.954007
2.115203	11.068648
1.150112	7.980360
0.019436	4.362194
-1.444836	-0.323476
-0.657873	2.194805
1.004726	7.515122
0.054508	4.474425
1.562309	9.299390
0.604802	6.235365
-1.147928	0.626631
1.384540	8.730527
-1.120120	0.715615
-1.994977	-2.083927
-0.277904	3.410707
1.161089	8.015483
0.229227	5.033526
-0.383714	3.072115
0.016145	4.351663
-1.962550	-1.980161
-2.718303	-4.398570
1.126044	7.903341
0.100259	4.620830
1.693004	9.717614
-0.562306	2.500620
-1.084038	0.831078
1.273926	8.376565
-0.476555	2.775026
-0.164602	3.773273
-1.176239	0.536036
1.709485	9.770351
-0.893625	1.440401
0.139291	4.745730
0.743785	6.680112
-0.891850	1.446082
-0.037759	4.179172
0.421457	5.648661
-1.895103	-1.764330
0.575268	6.140858
-0.237334	3.540530
0.340507	5.389621
0.337283	5.379306
-0.531946	2.597773
0.944083	7.321067
-0.875594	1.498099
-0.266797	3.446249
0.655169	6.396540
-0.416921	2.965852
0.025118	4.380379
-0.514601	2.653275
-0.879028	1.487110
-0.422575	2.947759
0.029288	4.393720
-2.072786	-2.332914
-0.882133	1.477174
-0.319621	3.277211
-1.181164	0.520276
1.013085	7.541872
0.213763	4.984042
-0.277426	3.412236
-0.114179	3.934626
-0.187158	3.701095
-1.007109	1.077251
1.296516	8.448852
1.445727	8.926328
0.849359	7.017949
-0.220138	3.595558
-1.378190	-0.110207
0.961293	7.376137
-2.059354	-2.289932
0.626702	6.305445
1.384866	8.731572
0.290220	5.228704
2.912552	13.620166
-1.912434	-1.819788
0.048570	4.455425
2.321645	11.729263
0.243178	5.078168
-0.808702	1.712154
0.618911	6.280517
-0.177169	3.733059
0.129142	4.713255
0.105565	4.637807
-0.495959	2.712930
-0.530859	2.601250
-0.947368	1.268423
-0.566002	2.488794
1.230717	8.238293
-1.275016	0.219950
-0.679092	2.126904
-1.545492	-0.645575
1.715291	9.788932
1.040157	7.628503
-0.116045	3.928656
0.460537	5.773718
0.025792	4.382533
1.053419	7.670941
1.487019	9.058461
0.673422	6.454952
0.568350	6.118720
0.278053	5.189769
0.017432	4.355782
1.186363	8.096362
-2.001447	-2.104630
0.267698	5.156635
0.155178	4.796570
0.651221	6.383907
-0.882935	1.474609
0.939306	7.305779
0.479181	5.833378
-1.474938	-0.419803
-0.004870	4.284415
-0.823917	1.663465
-1.319485	0.077648
2.154562	11.194599
-0.531556	2.599020
1.772972	9.973509
0.196422	4.928552
0.838574	6.983436
-0.589215	2.414513
-0.250715	3.497711
-0.502303	2.692629
0.480535	5.837713
-0.549209	2.542533
1.488361	9.062754
-1.953708	-1.951866
1.390514	8.749644
-0.454762	2.844761
1.523644	9.175660
1.133515	7.927247
-0.454182	2.846617
1.518713	9.159881
-1.143834	0.639730
-0.053543	4.128663
-1.196989	0.469636
0.718547	6.599349
-0.701920	2.053857
-1.629983	-0.915945
0.040385	4.429231
-0.202752	3.651194
0.243673	5.079753
-0.871730	1.510463
-0.717433	2.004214
-0.113803	3.935829
-0.206117	3.640426
-0.149507	3.821578
-0.497332	2.708537
1.297752	8.452807
-0.249545	3.501456
-1.164516	0.573549
-0.516689	2.646595
0.512366	5.939571
-0.573066	2.466189
0.972789	7.412924
1.165747	8.030389
-1.992178	-2.074970
-0.050171	4.139454
0.808029	6.885694
-0.583613	2.432439
0.600760	6.222431
-0.422497	2.948010
-0.475965	2.776911
-2.855235	-4.836753
-0.620924	2.313044
0.969418	7.402137
0.729491	6.634370
0.182275	4.883279
-0.775915	1.817072
1.015600	7.549920
1.268144	8.358062
1.035180	7.612576
0.206146	4.959669
0.488951	5.864642
-0.690371	2.090813
0.120724	4.686316
0.839690	6.987009
1.169704	8.043052
-0.623431	2.305022
0.340677	5.390165
0.239491	5.066372
-0.737963	1.938519
-0.248537	3.504682
-0.310156	3.307500
0.210334	4.973070
0.086587	4.577079
1.350650	8.622080
0.500218	5.900697
0.947454	7.331852
-1.098667	0.784267
-1.132501	0.675996
-0.023512	4.224763
1.330195	8.556623
0.131061	4.719395
1.911862	10.417957
-2.122719	-2.492700
-0.177470	3.732095
0.703744	6.551980
-0.047198	4.148967
0.463082	5.781863
0.409045	5.608945
-0.877566	1.491788
-0.201902	3.653913
-0.382245	3.076816
0.562945	6.101426
2.166759	11.233628
1.832323	10.163433
-0.272797	3.427050
0.268240	5.158368
1.015713	7.550283
-0.952207	1.252937
-2.513694	-3.743820
0.671863	6.449962
-0.174451	3.741757
1.586918	9.378138
-0.529726	2.604876
0.599575	6.218640
-1.393407	-0.158902
-0.540704	2.569748
-0.870615	1.514033
-1.540809	-0.630590
0.150695	4.782222
1.985578	10.653849
-0.907149	1.397123
0.435723	5.694313
2.555347	12.477112
-0.129405	3.885904
0.424354	5.657934
2.335150	11.772480
0.004193	4.313417
0.601718	6.225497
1.105677	7.838166
-1.808815	-1.488209
2.362707	11.860664
1.260823	8.334633
-1.198956	0.463340
1.622982	9.493542
-1.019855	1.036465
0.152765	4.788848
-0.160400	3.786720
-0.166637	3.766760
1.271185	8.367791
-0.973490	1.184832
1.497388	9.091641
1.668028	9.637689
-0.632219	2.276901
-0.748768	1.903942
0.425624	5.661997
-0.106745	3.958417
-0.006562	4.279002
-0.639422	2.253849
0.068549	4.519358
-0.314014	3.295155
0.607582	6.244262
-0.734201	1.950557
-0.167394	3.764339
0.257209	5.123067
-0.224566	3.581389
0.027497	4.387991
-0.039017	4.175145
-2.943493	-5.119176
-1.143599	0.640484
1.418962	8.840678
-0.351621	3.174812
1.451553	8.944971
-1.093198	0.801765
-0.936215	1.304111
0.985694	7.454220
-1.160799	0.585445
-0.524498	2.621607
-1.522427	-0.571766
-1.465525	-0.389679
-1.406147	-0.199671
0.716555	6.592976
-1.712285	-1.179312
-0.157138	3.797158
-1.430241	-0.276772
0.926586	7.265076
0.941019	7.311260
-0.825328	1.658952
1.868598	10.279514
1.267690	8.356610
0.616826	6.273842
0.026886	4.386034
1.207821	8.165027
0.936738	7.297562
0.066863	4.513962
0.198387	4.934837
-0.384453	3.069749
-0.600056	2.379822
-0.421212	2.952122
0.548137	6.054040
1.856765	10.241649
-0.362102	3.141273
0.601789	6.225724
-0.801874	1.734004
-2.281683	-3.001384
-0.836801	1.622236
2.130464	11.117486
0.129177	4.713368
0.467511	5.796035
-1.214981	0.412061
1.169129	8.041213
1.554255	9.273617
1.004907	7.515702
-1.206641	0.438748
-0.362256	3.140780
1.424811	8.859396
0.468349	5.798717
0.999873	7.499593
-1.661460	-1.016673
-1.269771	0.236732
0.022657	4.372504
1.047744	7.652780
0.783384	6.806829
-0.488910	2.735489
-0.199341	3.662110
-0.180310	3.723009
1.747810	9.892993
-1.308281	0.113502
1.772906	9.973298
-0.674086	2.142926
-0.974529	1.181506
-0.171691	3.750589
0.382831	5.525058
0.511340	5.936287
1.620177	9.484566
-0.050981	4.136860
1.284598	8.410715
-0.338601	3.216475
0.391090	5.551487
-0.779705	1.804944
0.862636	7.060436
-0.618038	2.322278
0.738893	6.664458
-1.223757	0.383979
-0.554429	2.525828
-0.360398	3.146726
-0.893295	1.441457
1.227930	8.229375
-0.165845	3.769297
1.815901	10.110882
-0.766374	1.847604
-0.211468	3.623304
0.185966	4.895092
-1.247318	0.308581
1.612781	9.460898
-1.053094	0.930100
0.773671	6.775747
-0.136434	3.863410
0.621168	6.287738
0.984815	7.451409
-0.331242	3.240025
0.798764	6.856045
-2.000933	-2.102984
-1.315439	0.090596
1.094071	7.801027
0.821085	6.927473
0.132894	4.725261
0.268398	5.158875
-1.012768	1.059142
-1.793212	-1.438279
-0.507573	2.675765
-0.284504	3.389587
-0.381741	3.078428
-0.070096	4.075692
0.542218	6.035099
-0.133160	3.873889
-0.860607	1.546059
-0.344039	3.199077
-0.664352	2.174073
-0.801899	1.733925
-1.279851	0.204478
0.312960	5.301473
0.623369	6.294780
1.166560	8.032992
-0.727804	1.971026
0.085077	4.572248
-0.423730	2.944063
2.759677	13.130966
0.223788	5.016123
1.028256	7.590420
-0.063526	4.096718
0.813704	6.903854
-0.433561	2.912604
-0.934108	1.310856
-0.290541	3.370268
0.172167	4.850936
0.917485	7.235953
0.713137	6.582038
1.367677	8.676567
-0.095828	3.993350
1.538120	9.221984
0.391907	5.554101
0.254372	5.113990
0.872751	7.092804
-0.691748	2.086407
-0.249593	3.501303
-0.472935	2.786609
0.332703	5.364650
-0.668837	2.159721
0.139523	4.746475
1.298440	8.455007
1.436068	8.895418
-0.118214	3.921716
-0.837525	1.619921
0.763165	6.742127
-0.277846	3.410892
-0.176267	3.735945
-0.694756	2.076781
-0.241778	3.526310
0.397467	5.571894
0.785165	6.812527
1.217109	8.194748
0.216405	4.992497
-0.957704	1.235348
0.064235	4.505552
-0.305764	3.321556
0.179120	4.873183
1.916745	10.433583
0.175611	4.861955
-0.287868	3.378822
-0.681658	2.118694
0.260430	5.133377
-0.384699	3.068962
-0.728032	1.970297
0.414442	5.626215
-0.170429	3.754626
1.061523	7.696873
-0.532736	2.595244
-1.460322	-0.373030
-0.331701	3.238557
-0.349324	3.182164
-0.417168	2.965064
1.513615	9.143568
-0.588423	2.417046
-0.080274	4.043124
-0.004726	4.284877
-1.246071	0.312573
-0.161304	3.783826
-0.392188	3.044997
0.447799	5.732956
-0.453632	2.848379
-1.739343	-1.265896
0.605202	6.236646
0.028782	4.392104
0.044503	4.442410
-1.118551	0.720636
0.201632	4.945222
0.285575	5.213840
0.948526	7.335284
0.707038	6.562521
0.023921	4.376549
1.385634	8.734028
-0.042598	4.163687
0.189703	4.907050
0.412740	5.620769
-0.004458	4.285735
-0.337912	3.218682
1.152469	7.987900
1.100227	7.820726
1.472010	9.010432
-0.709768	2.028742
0.352484	5.427950
-0.193163	3.681877
0.661296	6.416146
1.529219	9.193500
-0.472719	2.787300
0.536996	6.018387
0.063302	4.502565
-0.011418	4.263462
0.115296	4.668947
-0.404482	3.005658
0.445734	5.726348
-2.171160	-2.647712
0.456092	5.759494
-0.355236	3.163246
-0.784071	1.790973
-2.069650	-2.322879
0.444660	5.722912
-0.590939	2.408995
0.353744	5.431979
-1.630769	-0.918459
-1.108493	0.752822
0.450318	5.741018
-0.595265	2.395153
-0.231969	3.557700
-1.314447	0.093771
-1.233280	0.353505
-0.566386	2.487565
-3.320554	-6.325773
-0.388144	3.057940
1.504169	9.113340
-1.464396	-0.386068
0.544492	6.042373
0.886201	7.135844
1.440176	8.908564
1.061433	7.696585
-0.900302	1.419034
-0.354313	3.166198
1.104774	7.835278
-0.588139	2.417956
-1.622764	-0.892846
1.198214	8.134284
0.010421	4.333346
2.441052	12.111368
0.762260	6.739231
-1.992513	-2.076043
-0.508340	2.673312
0.253405	5.110897
0.381691	5.521410
0.531516	6.000851
-0.831869	1.638019
0.681910	6.482111
-1.057505	0.915984
-1.366126	-0.071604
-0.249038	3.503080
0.311777	5.297685
-0.611676	2.342637
-0.468319	2.801381
-0.782542	1.795865
0.891333	7.152267
-0.039025	4.175119
0.176390	4.864447
0.700690	6.542209
0.666387	6.432438
1.102816	7.829010
0.290032	5.228104
-0.774891	1.820348
-0.730066	1.963789
1.708486	9.767157
0.812084	6.898669
-0.318335	3.281326
0.867100	7.074720
0.365056	5.468178
-0.258099	3.474082
-1.245339	0.314915
-0.219417	3.597867
0.199136	4.937235
-1.452633	-0.348425
-0.780383	1.802775
0.285655	5.214095
0.765137	6.748437
-0.462439	2.820196
0.800453	6.861449
-0.748540	1.904674
1.147181	7.970979
1.678278	9.670491
0.744163	6.681323
-2.276512	-2.984837
-0.312530	3.299904
0.195376	4.925204
0.724115	6.617169
0.677490	6.467969
0.022211	4.371075
-0.651826	2.214158
-0.907692	1.395386
0.164220	4.825504
0.872814	7.093004
-0.132471	3.876093
-1.130474	0.682483
2.034172	10.809352
-0.129887	3.884361
-0.537891	2.578749
-1.384230	-0.129535
0.088737	4.583959
-0.401201	3.016155
-0.149957	3.820137
-0.310696	3.305773
0.822502	6.932006
0.859920	7.051743
0.016605	4.353136
-0.736229	1.944069
-0.194063	3.678998
0.263846	5.144306
0.071153	4.527690
-2.018045	-2.157744
-1.322296	0.068653
-0.047631	4.147580
0.199771	4.939268
-1.297247	0.148809
0.375564	5.501804
1.100729	7.822331
-1.163113	0.578038
0.790060	6.828192
-0.174069	3.742981
1.244104	8.281134
1.169713	8.043080
0.251141	5.103651
-0.802950	1.730559
-1.002343	1.092503
-0.996916	1.109869
0.162059	4.818588
0.347405	5.411695
1.475832	9.022664
-2.708973	-4.368715
-0.537661	2.579484
0.136372	4.736390
-0.664001	2.175198
-1.108532	0.752698
-0.442202	2.884955
-0.593805	2.399825
0.315097	5.308311
-0.462851	2.818877
0.459465	5.770289
-1.307449	0.116165
0.218400	4.998879
0.011923	4.338154
-1.882551	-1.724163
-1.177857	0.530859
-0.382889	3.074756
0.120407	4.685302
-1.035132	0.987578
0.889218	7.145497
1.314380	8.506016
-1.335827	0.025355
-0.391388	3.047560
1.145149	7.964478
-0.276252	3.415993
1.310762	8.494438
-0.306987	3.317642
-0.832474	1.636085
-0.134790	3.868673
0.705112	6.556358
-0.746944	1.909778
0.286160	5.215712
-1.087027	0.821512
-1.949690	-1.939008
1.568430	9.318976
-1.457677	-0.364568
1.314631	8.506818
-1.887760	-1.740832
-0.611352	2.343673
-1.319272	0.078328
-0.762730	1.859264
0.315730	5.310337
0.285830	5.214656
-0.255632	3.481978
-0.900824	1.417363
0.910973	7.215115
0.214713	4.987082
0.530540	5.997727
-0.255271	3.483133
0.825215	6.940689
-0.997324	1.108564
-0.135379	3.866788
0.120514	4.685645
0.591852	6.193927
-1.233896	0.351532
-0.939623	1.293205
1.434131	8.889219
-0.420502	2.954395
-0.178477	3.728875
0.694651	6.522883
0.722608	6.612345
-0.854850	1.564480
1.727078	9.826650
0.954686	7.354994
1.425248	8.860794
-0.602624	2.371603
-0.024834	4.220530
0.808520	6.887262
1.804663	10.074922
0.502494	5.907980
-1.165979	0.568866
-0.531883	2.597975
-0.110238	3.947238
-0.231965	3.557712
0.903393	7.190859
-0.909992	1.388025
3.386290	15.136128
0.609458	6.250266
0.155792	4.798533
-1.163161	0.577885
-0.161509	3.783171
0.638730	6.343937
-0.497506	2.707981
1.655117	9.596374
1.409309	8.809787
-0.380226	3.083277
-0.175272	3.739130
-1.842993	-1.597578
-0.307044	3.317458
-2.035192	-2.212614
0.658606	6.407539
0.292670	5.236544
0.670436	6.445395
1.068512	7.719239
-0.975118	1.179621
0.069142	4.521254
-0.020256	4.235180
0.062705	4.500657
1.962406	10.579698
0.739948	6.667833
0.414380	5.626015
-1.393935	-0.160591
-1.324989	0.060037
-0.592969	2.402500
0.507694	5.924620
-0.565683	2.489814
1.227265	8.227249
0.258112	5.125958
-1.429021	-0.272868
-0.230730	3.561664
-0.379110	3.086847
-0.131421	3.879452
-0.865101	1.531678
0.289626	5.226803
0.916838	7.233882
-0.780152	1.803513
-0.875408	1.498696
-1.294064	0.158995
1.268160	8.358111
0.057786	4.484916
0.015100	4.348321
-0.865683	1.529816
-1.789385	-1.426033
-1.050125	0.939601
0.442264	5.715244
0.156791	4.801732
-1.051871	0.934014
2.496884	12.290028
1.347124	8.610796
1.356478	8.640728
-0.353153	3.169910
0.462388	5.779642
-1.672839	-1.053084
1.043907	7.640502
0.852250	7.027201
-0.760213	1.867317
0.953504	7.351213
0.217885	4.997232
-0.649601	2.221275
0.376050	5.503361
-0.008479	4.272867
-1.294048	0.159048
0.229279	5.033692
-0.348523	3.184726
-1.390503	-0.149611
0.424454	5.658252
0.823036	6.933716
-1.221429	0.391428
-0.257459	3.476131
-0.584965	2.428112
1.085018	7.772059
0.450627	5.742005
0.252112	5.106760
0.878303	7.110569
-0.093078	4.002150
1.327245	8.547183
0.721673	6.609353
1.147857	7.973143
2.275305	11.580976
1.523479	9.175132
1.438415	8.902929
0.499624	5.898797
0.299972	5.259909
-2.282000	-3.002401
-0.179669	3.725058
-1.044578	0.957352
-0.389423	3.053845
0.680547	6.477750
1.335069	8.572221
-0.472160	2.789089
-2.295856	-3.046738
1.399349	8.777918
-0.803403	1.729112
-0.255871	3.481213
-0.605886	2.361164
0.899975	7.179921
0.499938	5.899801
0.860488	7.053561
-0.667196	2.164972
1.562498	9.299992
-0.390846	3.049294
1.195890	8.126849
0.684039	6.488925
-1.125435	0.698609
1.936370	10.496383
-0.984709	1.148933
1.390713	8.750282
-1.547925	-0.653360
0.575849	6.142718
1.301674	8.465356
1.115727	7.870327
-1.592204	-0.795052
2.061616	10.897171
0.683017	6.485655
1.136969	7.938302
-0.081360	4.039649
0.783694	6.807820
0.479718	5.835098
0.897308	7.171386
-0.224886	3.580364
-0.497874	2.706804
0.103976	4.632723
-0.975970	1.176897
-1.030309	1.003010
0.431888	5.682042
0.336864	5.377966
0.410151	5.612482
-1.288439	0.176995
0.128225	4.710321
2.086919	10.978142
0.410523	5.613674
-2.927160	-5.066911
0.058646	4.487667
0.135090	4.732286
-1.119707	0.716938
0.257401	5.123683
-1.182801	0.515037
0.610453	6.253449
-1.576872	-0.745989
-0.374987	3.100043
-0.563096	2.498093
1.278015	8.389648
-0.887606	1.459662
-1.041980	0.965664
1.259183	8.329386
0.645662	6.366118
-0.275224	3.419284
-0.069835	4.076526
0.805639	6.878044
0.252067	5.106615
0.657839	6.405086
-0.341197	3.208171
0.127111	4.706756
0.832835	6.965070
1.674858	9.659547
-0.134906	3.868299
-0.168627	3.760395
-0.280116	3.403630
-0.232131	3.557181
0.699497	6.538391
-0.132932	3.874618
1.458626	8.967603
0.358977	5.448727
-0.093454	4.000948
0.427212	5.667079
-0.066641	4.086750
1.149309	7.977789
-0.430540	2.922272
-0.304425	3.325840
-1.270846	0.233294
-0.405813	3.001399
-0.695064	2.075796
-1.035525	0.986321
-0.045188	4.155400
-1.155460	0.602527
-0.589230	2.414463
-0.906962	1.397723
-0.062492	4.100025
0.167922	4.837351
-0.865530	1.530303
1.503500	9.111201
-0.442186	2.885004
0.890062	7.148200
-0.772668	1.827464
-2.031800	-2.201760
0.300724	5.262318
-0.367609	3.123650
0.392564	5.556205
0.628506	6.311218
1.032933	7.605387
-2.203688	-2.751800
1.128884	7.912429
0.339847	5.387512
-0.424662	2.941083
-0.368275	3.121520
-1.226663	0.374679
0.820700	6.926241
-0.668052	2.162235
-1.136337	0.663722
0.100647	4.622072
-0.821779	1.670306
-0.118441	3.920990
-1.494618	-0.482777
1.022742	7.572773
1.529556	9.194579
0.262113	5.138761
-0.066593	4.086901
0.455743	5.758377
-0.328076	3.250155
0.025386	4.381236
-0.531490	2.599233
-0.863736	1.536046
0.021950	4.370239
-0.480113	2.763638
-0.558355	2.513263
0.762323	6.739433
0.426207	5.663862
0.189184	4.905390
0.651749	6.385596
-0.055177	4.123433
0.681412	6.480518
-0.663487	2.176841
-0.062363	4.100438
-0.698492	2.064825
-0.704935	2.044206
-0.163250	3.777600
-2.045396	-2.245268
0.886000	7.135199
0.538210	6.022270
-1.607709	-0.844669
-0.402125	3.013199
-1.165649	0.569923
-1.144332	0.638137
-1.595779	-0.806493
1.069081	7.721060
2.775543	13.181737
0.583985	6.168753
-1.012033	1.061493
-0.367705	3.123345
1.325375	8.541200
-1.778271	-1.390469
0.842017	6.994453
-0.585015	2.427951
1.576252	9.344007
-0.665458	2.170533
0.364153	5.465291
0.971465	7.408689
-0.496962	2.709722
2.621683	12.689386
0.179960	4.875872
-0.746321	1.911773
0.753565	6.711409
1.140557	7.949783
-2.021864	-2.169965
-0.034680	4.189025
-0.860855	1.545265
1.098272	7.814470
0.296300	5.248160
1.288417	8.422935
0.891588	7.153082
-0.863562	1.536602
-2.914560	-5.026593
0.952909	7.349310
-0.287453	3.380151
-0.336722	3.222490
-1.512135	-0.538833
-0.410873	2.985208
1.152847	7.989111
-0.740604	1.930066
1.926250	10.464000
-0.335874	3.225203
-2.151239	-2.583963
-1.106173	0.760247
0.133984	4.728750
0.951983	7.346346
-0.638535	2.256688
-0.600772	2.377530
-1.287967	0.178505
0.564279	6.105692
0.952440	7.347808
0.547135	6.050831
1.050562	7.661798
-1.300981	0.136862
-0.728659	1.968290
-0.280200	3.403359
1.672857	9.653143
-0.871807	1.510219
0.962135	7.378833
-0.371835	3.110129
-0.118354	3.921266
-0.517548	2.643847
0.199143	4.937258
2.324654	11.738893
0.834892	6.971656
1.424756	8.859218
-0.209020	3.631135
-1.401919	-0.186140
-0.056793	4.118263
0.763251	6.742402
0.680463	6.477480
2.649553	12.778569
-0.090065	4.011792
0.296416	5.248531
0.475943	5.823018
0.263533	5.143307
-0.924414	1.341874
0.496426	5.888563
-0.863925	1.535441
-0.819368	1.678024
-0.147845	3.826895
0.439658	5.706907
-0.400813	3.017397
1.439612	8.906760
1.087384	7.779629
-0.618467	2.320904
0.443214	5.718285
0.665674	6.430158
-0.858540	1.552671
1.618899	9.480478
0.851469	7.024701
-0.222386	3.588364
1.112645	7.860463
-0.609537	2.349482
0.796781	6.849699
-0.951261	1.255966
-0.706618	2.038824
-0.821859	1.670051
-0.841974	1.605684
-0.096715	3.990513
-0.627150	2.293121
0.176014	4.863246
-0.066560	4.087008
-0.322923	3.266646
-1.054015	0.927151
1.453038	8.949721
-0.624902	2.300313
-0.205522	3.642331
-1.107558	0.755814
0.465405	5.789296
-0.180027	3.723912
-0.950921	1.257051
0.038672	4.423750
0.171938	4.850203
0.382602	5.524325
0.513397	5.942870
-0.116850	3.926080
1.989478	10.666331
-0.401119	3.016419
-0.537873	2.578808
-0.124212	3.902523
-0.445936	2.873006
2.047626	10.852404
-0.911970	1.381696
0.894463	7.162280
-1.539924	-0.627757
-1.180747	0.521609
-0.610416	2.346668
-1.380679	-0.118172
0.759252	6.729607
-0.135112	3.867642
0.019341	4.361892
0.722906	6.613300
-0.255366	3.482828
-0.156447	3.799370
-0.563148	2.497926
-0.542091	2.565307
1.232582	8.244262
-1.773194	-1.374220
-0.631468	2.279303
-2.113409	-2.462907
0.135778	4.734491
0.102326	4.627445
0.183277	4.886486
0.012595	4.340304
-0.362544	3.139858
0.410890	5.614848
0.537272	6.019270
0.979547	7.434551
-0.878440	1.488993
0.349197	5.417432
-0.948043	1.266264
-0.210739	3.625637
-0.248085	3.506128
0.625687	6.302200
-0.490523	2.730328
0.922018	7.250458
-0.667154	2.165108
-0.394044	3.039060
0.492626	5.876403
-2.342220	-3.195105
-1.580714	-0.758286
1.957152	10.562885
-0.897311	1.428606
-0.108010	3.954368
0.800100	6.860320
-0.351351	3.175675
1.258483	8.327147
-1.626628	-0.905208
0.190744	4.910380
0.932685	7.284591
-0.704265	2.046353
-0.068661	4.080283
0.108657	4.647702
0.838040	6.981726
-0.931104	1.320466
0.213414	4.982923
-0.300629	3.337986
0.097408	4.611705
0.936471	7.296708
-0.845179	1.595428
-1.828166	-1.550132
0.479759	5.835230
-0.802333	1.732534
0.099167	4.617334
-2.169251	-2.641602
1.299413	8.458122
1.069554	7.722572
0.740711	6.670277
0.623140	6.294047
-0.299460	3.341727
1.022545	7.572143
0.228633	5.031626
-1.240911	0.329083
0.506918	5.922137
-1.220573	0.394167
0.370243	5.484779
-0.142722	3.843291
-0.117039	3.925475
-0.267968	3.442504
-2.075575	-2.341841
0.553884	6.072430
1.130247	7.916790
1.046252	7.648005
0.004948	4.315834
0.607069	6.242621
-0.376943	3.093781
1.786073	10.015434
-0.431767	2.918347
0.229745	5.035184
-0.293966	3.359308
0.650758	6.382427
-0.197278	3.668711
-1.791535	-1.432911
0.406555	5.600976
-0.057907	4.114698
-0.551071	2.536574
2.070321	10.925028
-0.607781	2.355099
-1.256580	0.278943
-0.670590	2.154112
-0.441678	2.886630
-0.140241	3.851229
0.179008	4.872826
0.315046	5.308146
0.940081	7.308258
-1.904418	-1.794138
0.042033	4.434506
0.760413	6.733323
-1.128426	0.689036
-1.490379	-0.469212
0.657976	6.405522
0.318060	5.317790
-1.026205	1.016144
1.818434	10.118987
-0.767934	1.842613
1.311911	8.498116
-0.557758	2.515176
0.637324	6.339437
1.091239	7.791964
1.005143	7.516457
1.175451	8.061443
1.194509	8.122429
0.862646	7.060468
0.410500	5.613601
1.147116	7.970770
-0.091378	4.007590
-0.737681	1.939420
-1.473888	-0.416443
-0.169348	3.758085
-1.125800	0.697440
0.814438	6.906202
-2.175805	-2.662577
0.022777	4.372888
-0.477369	2.772420
1.077838	7.749083
-0.626289	2.295876
0.109557	4.650584
0.203154	4.950091
0.310050	5.292159
-0.939263	1.294358
-0.758279	1.873506
-3.027838	-5.389081
0.366296	5.472147
0.203097	4.949911
0.109448	4.650232
0.230913	5.038921
1.068093	7.717899
0.326943	5.346219
1.958858	10.568346
1.641264	9.552044
0.842880	6.997215
-1.495910	-0.486911
-0.620043	2.315863
-1.046471	0.951292
-0.257096	3.477294
0.415557	5.629782
-0.682999	2.114403
-0.616779	2.326306
0.056799	4.481758
-0.729424	1.965843
-0.719467	1.997707
-0.027140	4.213152
-0.592556	2.403820
0.153935	4.792593
-0.267373	3.444408
0.348012	5.413638
-0.050882	4.137178
0.579128	6.153211
0.512530	5.940097
-0.717198	2.004966
-0.286667	3.382665
1.071730	7.729536
0.794478	6.842330
-0.796644	1.750740
-1.160291	0.587069
-1.178540	0.528673
0.807212	6.883079
1.383944	8.728621
1.712530	9.780095
0.172527	4.852085
0.046786	4.449715
0.235643	5.054058
-0.172540	3.747872
1.187234	8.099148
-0.285498	3.386406
0.393727	5.559927
-0.382006	3.077580
-0.408742	2.992026
0.270291	5.164931
0.027451	4.387843
0.357378	5.443611
1.025641	7.582052
-1.475311	-0.420997
1.181965	8.082289
0.249343	5.097898
0.702700	6.548639
-0.990032	1.131898
-1.245226	0.315276
-0.477124	2.773203
-0.871873	1.510005
-0.365769	3.129538
-1.306423	0.119447
0.585461	6.173475
-0.295847	3.353290
1.177853	8.069129
-0.881228	1.480071
0.712043	6.578539
-0.312844	3.298900
0.135256	4.732820
-0.231343	3.559704
1.168301	8.038562
-1.436880	-0.298017
-0.088250	4.017600
-0.354138	3.166758
-0.300441	3.338590
-1.707935	-1.165393
-0.316982	3.285657
0.673224	6.454316
-1.571083	-0.727466
0.273988	5.176761
0.530542	5.997734
-0.900378	1.418790
0.319824	5.323438
1.382130	8.722818
-2.269474	-2.962317
1.102849	7.829118
0.397679	5.572574
1.970146	10.604467
0.101192	4.623816
-0.974250	1.182400
0.976014	7.423246
1.266166	8.351733
-1.286771	0.182334
-0.457642	2.835547
-0.598023	2.386326
0.200488	4.941562
-0.580946	2.440973
0.601851	6.225922
0.057183	4.482986
-1.316013	0.088759
-1.081257	0.839977
-2.574220	-3.937505
1.887046	10.338546
0.033997	4.408791
-0.149901	3.820318
-0.456790	2.838273
1.529023	9.192874
-0.610747	2.345609
2.169384	11.242030
-0.472922	2.786649
0.692272	6.515271
-0.976764	1.174356
-0.262239	3.460835
0.928823	7.272233
0.267687	5.156599
0.279664	5.194925
-0.310468	3.306504
0.844658	7.002906
0.030031	4.396101
-0.457311	2.836604
1.031010	7.599231
0.459434	5.770190
0.355396	5.437266
0.430030	5.676096
0.796865	6.849969
0.047159	4.450909
-0.126734	3.894451
-0.291368	3.367622
0.255496	5.117586
-0.203788	3.647879
-0.178668	3.728262
0.604832	6.235463
0.925970	7.263105
-1.302377	0.132395
0.393206	5.558260
0.960153	7.372491
1.028587	7.591478
0.307805	5.284975
-0.112151	3.941117
1.097786	7.812916
-0.797233	1.748855
0.406306	5.600180
0.971276	7.408082
0.357348	5.443514
-0.556290	2.519871
0.433631	5.687619
-0.609613	2.349238
1.034229	7.609534
-0.327518	3.251942
0.304932	5.275783
0.370520	5.485664
-1.079749	0.844804
1.133171	7.926149
0.500866	5.902772
-0.298248	3.345608
-0.823344	1.665300
-0.776692	1.814586
1.551260	9.264031
0.065663	4.510121
1.305489	8.477564
-0.944475	1.277679
0.682117	6.482773
-0.871403	1.511509
-0.739930	1.932225
-0.235593	3.546102
-1.082972	0.834489
-1.081328	0.839751
0.423783	5.656104
0.639264	6.345644
1.443180	8.918175
-0.911447	1.383371
1.034468	7.610297
0.460007	5.772024
-0.523292	2.625464
-1.868908	-1.680506
-2.212946	-2.781427
0.350127	5.420406
-0.980652	1.161914
-1.667297	-1.035349
0.707555	6.564175
-0.871840	1.510112
0.308713	5.287881
-1.435202	-0.292646
-0.787224	1.780883
0.541326	6.032245
0.247624	5.092398
0.255243	5.116777
-0.148561	3.824605
-0.542208	2.564934
-1.439715	-0.307087
1.312468	8.499897
-1.266719	0.246498
0.640648	6.350073
0.107852	4.645126
0.648953	6.376649
-1.547299	-0.651357
-0.053166	4.129867
0.103175	4.630160
-0.781313	1.799798
-1.447839	-0.333084
0.164795	4.827345
-0.252959	3.490531
-0.616748	2.326405
-0.979406	1.165902
-0.112651	3.939516
0.366629	5.473213
-0.623090	2.306112
-0.157542	3.795864
1.533057	9.205782
0.793063	6.837800
-0.734457	1.949736
0.701306	6.544180
-1.183344	0.513300
-0.782616	1.795627
1.133443	7.927016
0.897421	7.171748
-0.803877	1.727595
-1.202260	0.452768
0.134303	4.729769
-2.024984	-2.179947
-1.168585	0.560527
-0.299644	3.341141
1.897334	10.371470
-0.335978	3.224872
-1.100951	0.776956
-0.878358	1.489255
0.314383	5.306026
0.413566	5.623411
0.787256	6.819218
-1.888418	-1.742938
1.432320	8.883424
0.782222	6.803110
-1.399834	-0.179470
1.201038	8.143321
-0.528514	2.608756
0.510678	5.934168
2.310086	11.692277
0.299489	5.258366
-0.333432	3.233017
-0.091063	4.008600
-1.504425	-0.514160
0.745404	6.685292
0.722128	6.610808
0.185063	4.892202
1.067313	7.715400
1.102333	7.827466
-0.571771	2.470333
1.037565	7.620209
-0.989651	1.133117
0.049956	4.459859
0.562579	6.100252
-0.990967	1.128905
0.832772	6.964869
1.032753	7.604808
0.126846	4.705908
0.700462	6.541479
1.383150	8.726080
1.606908	9.442107
-1.024350	1.022079
0.433384	5.686830
1.466999	8.994397
1.110166	7.852530
-2.511218	-3.735898
1.738410	9.862912
-0.071626	4.070797
0.030302	4.396967
-1.453339	-0.350686
-1.431842	-0.281895
0.578360	6.150753
-1.455951	-0.359043
-0.542841	2.562910
-0.385306	3.067020
-0.089996	4.012013
0.160988	4.815161
0.542064	6.034604
-0.107098	3.957287
-0.605584	2.362132
-0.254491	3.485629
1.535173	9.212555
0.209836	4.971475
0.103962	4.632679
-0.047784	4.147091
1.033437	7.606997
0.201267	4.944054
-0.366551	3.127037
0.806673	6.881352
-0.388127	3.057994
-1.378473	-0.111113
-0.139333	3.854135
0.440775	5.710479
-0.396380	3.031585
-0.529602	2.605272
0.968680	7.399777
0.313632	5.303624
-1.764109	-1.345149
-0.603164	2.369876
0.281132	5.199622
-0.314980	3.292065
0.490557	5.869782
-0.897304	1.428628
1.396061	8.767394
0.937611	7.300354
-0.290910	3.369089
-0.828469	1.648900
0.319742	5.323175
0.644344	6.361901
1.713154	9.782092
-0.562336	2.500524
-1.474804	-0.419372
0.778674	6.791756
1.443183	8.918185
0.557232	6.083143
-0.072977	4.066472
-0.059959	4.108132
-0.234287	3.550282
-0.316541	3.287067
-1.379385	-0.114032
1.711113	9.775563
-0.108639	3.952356
1.191669	8.113340
0.301615	5.265167
-0.106363	3.959638
-2.365692	-3.270215
0.421984	5.650348
1.813153	10.102090
2.268469	11.559102
0.856441	7.040612
0.124434	4.698190
0.288762	5.224037
-2.205485	-2.757551
1.068767	7.720055
0.392390	5.555649
1.079233	7.753546
-1.258126	0.273997
0.667999	6.437598
0.345834	5.406670
1.413915	8.824529
-0.443404	2.881109
0.825549	6.941757
1.433068	8.885818
0.078333	4.550664
-0.088271	4.017531
0.887498	7.139994
-0.790387	1.770761
0.134125	4.729201
-1.512369	-0.539580
0.327160	5.346912
0.560187	6.092598
-1.999555	-2.098578
-0.385462	3.066523
0.671093	6.447496
0.862829	7.061051
-0.841277	1.607915
-0.569832	2.476536
-1.057274	0.916722
-0.267303	3.444630
1.136338	7.936281
0.725009	6.620030
1.042714	7.636684
-0.287632	3.379577
-0.126219	3.896099
0.733728	6.647931
0.101674	4.625356
-0.878219	1.489698
-1.642034	-0.954510
-0.764590	1.853312
-0.240944	3.528980
-0.573482	2.464859
0.661218	6.415899
-1.064579	0.893348
-0.896431	1.431421
0.612425	6.259759
-1.143648	0.640325
0.028615	4.391569
1.207260	8.163232
-0.380893	3.081142
-1.108883	0.751576
0.920730	7.246336
-0.770266	1.835148
-1.522805	-0.572976
1.236608	8.257147
-0.743674	1.920242
-0.088469	4.016898
1.717339	9.795483
0.532757	6.004822
-0.330754	3.241588
1.142112	7.954758
-0.949721	1.260891
-0.101003	3.976790
0.064911	4.507715
-0.708984	2.031251
-0.669773	2.156727
0.478095	5.829904
-1.730663	-1.238123
-0.940889	1.289154
-0.433609	2.912453
0.405986	5.599156
0.775284	6.780910
-0.471527	2.791114
-1.242787	0.323083
1.230602	8.237925
0.617997	6.277590
-1.373098	-0.093912
-0.857967	1.554505
0.394245	5.561584
0.744717	6.683093
0.352980	5.429536
-0.654024	2.207122
-0.433845	2.911697
-0.202714	3.651315
1.206385	8.160432
0.351228	5.423930
-1.947107	-1.930741
0.372726	5.492723
-0.171988	3.749639
0.696244	6.527980
-0.801445	1.735376
0.738494	6.663182
-0.069212	4.078521
0.302756	5.268818
0.187383	4.899626
-0.612032	2.341496
-0.000982	4.296857
-0.971016	1.192750
-1.476622	-0.425189
-0.102021	3.973532
1.290694	8.430221
0.115909	4.670908
-1.494673	-0.482953
-0.421482	2.951258
-1.216424	0.407444
-1.984780	-2.051295
-0.528204	2.609747
-0.715625	2.010001
-0.458393	2.833141
-0.332098	3.237288
0.895588	7.165880
0.719637	6.602837
-2.090796	-2.390546
-1.566013	-0.711242
-0.306588	3.318917
-1.122971	0.706493
0.897224	7.171116
2.613192	12.662216
1.225475	8.221521
1.731853	9.841931
-1.737013	-1.258443
0.248021	5.093667
-1.637847	-0.941110
-0.600299	2.379045
0.186558	4.896986
-2.118682	-2.479783
-0.144836	3.836526
0.650909	6.382909
0.663684	6.423788
-0.104159	3.966691
0.021778	4.369691
0.868476	7.079122
-0.820889	1.673157
-2.067988	-2.317560
0.174733	4.859145
1.345397	8.605270
0.865457	7.069461
1.780033	9.996105
1.105006	7.836019
0.436061	5.695394
-0.139752	3.852794
-3.037194	-5.419021
-1.102760	0.771167
0.519939	5.963804
-0.783108	1.794055
-0.513166	2.657870
0.085661	4.574115
-2.817644	-4.716459
0.195883	4.926824
0.252115	5.106767
-1.251757	0.294378
-0.992100	1.125279
0.712087	6.578678
0.572762	6.132837
0.289849	5.227517
1.404314	8.793804
-1.197939	0.466596
-0.712613	2.019640
-0.071455	4.071345
-0.874952	1.500154
0.056653	4.481288
-0.393041	3.042268
1.385258	8.732827
0.210432	4.973384
-0.263076	3.458157
-0.807895	1.714736
1.189147	8.105271
-1.460538	-0.373721
-0.874979	1.500066
0.076697	4.545432
1.797945	10.053425
0.650896	6.382869
0.373334	5.494669
-0.449782	2.860697
0.516347	5.952309
0.546981	6.050338
-1.681134	-1.079629
-0.976325	1.175758
0.664927	6.427765
-0.014408	4.253896
0.101836	4.625876
0.251180	5.103777
1.496495	9.088785
1.257291	8.323331
-0.028211	4.209724
0.742789	6.676925
0.824026	6.936884
-0.855413	1.562677
2.776404	13.184493
0.889080	7.145055
-0.520765	2.633552
-1.710282	-1.172902
1.672045	9.650545
-0.603755	2.367985
-1.081120	0.840416
-0.605505	2.362384
0.949440	7.338207
-0.363668	3.136263
-0.225541	3.578270
-1.905480	-1.797536
0.734866	6.651571
1.522477	9.171925
0.203975	4.952720
0.060326	4.493042
-1.368694	-0.079820
-0.988920	1.135456
0.442066	5.714612
0.223227	5.014327
1.027604	7.588334
0.711888	6.578042
1.316140	8.511647
0.285126	5.212404
1.445268	8.924858
-0.317466	3.284109
0.619522	6.282470
-0.298438	3.344997
0.356472	5.440709
-2.246173	-2.887754
0.274845	5.179505
0.388693	5.543817
0.996374	7.488396
0.858683	7.047785
0.341901	5.394082
-1.037669	0.979458
-0.661519	2.183141
-0.267099	3.445284
0.180317	4.877014
-0.110507	3.946377
1.175673	8.062154
0.804908	6.875707
0.749826	6.699442
0.330389	5.357245
-0.000541	4.298270
-0.635208	2.267333
1.390263	8.748843
-0.725377	1.978793
-0.526196	2.616171
-0.257248	3.476807
0.197739	4.932764
0.543177	6.038165
-0.143863	3.839638
0.481720	5.841505
0.791381	6.832419
1.114007	7.864823
0.795796	6.846548
-1.016810	1.046208
1.665858	9.630745
1.179222	8.073510
1.389309	8.745790
-0.407395	2.996335
-0.083253	4.033589
-1.565862	-0.710760
-0.084547	4.029450
0.660738	6.414361
0.307161	5.282915
0.370763	5.486441
-0.914864	1.372435
-1.285461	0.186526
-1.137324	0.660563
-0.611651	2.342718
0.541215	6.031888
-1.171843	0.550103
-0.537603	2.579672
-1.729160	-1.233313
-0.353027	3.170314
-0.651811	2.214205
0.002420	4.307745
0.308866	5.288372
-0.192297	3.684648
0.022044	4.370540
0.534490	6.010369
0.926434	7.264587
-1.779003	-1.392810
0.106227	4.639927
1.308614	8.487565
0.133710	4.727873
-0.893950	1.439359
0.963261	7.382434
-2.548866	-3.856373
-1.581291	-0.760132
0.858278	7.046490
0.580151	6.156482
-0.404007	3.007177
0.349577	5.418647
-2.738137	-4.462038
-0.313716	3.296108
-0.561067	2.504586
2.191253	11.312010
-0.585395	2.426738
0.306705	5.281456
0.305622	5.277989
0.848630	7.015616
0.662497	6.419989
-1.313884	0.095571
1.645363	9.565160
2.121934	11.090189
0.699179	6.537372
-0.377299	3.092643
-1.351984	-0.026347
-2.339586	-3.186675
-0.822893	1.666743
0.941953	7.314249
-1.162535	0.579889
-0.020803	4.233430
0.180707	4.878262
-0.573691	2.464189
-3.028990	-5.392769
-0.358034	3.154291
-0.393538	3.040679
-0.624211	2.302526
0.603190	6.230207
0.368031	5.477699
-0.371030	3.112705
-0.355723	3.161686
1.018840	7.560287
0.446057	5.727382
0.271712	5.169478
0.436183	5.695787
-1.081467	0.839306
0.321885	5.330031
0.132209	4.723068
0.523380	5.974817
-0.577177	2.453035
-0.097895	3.986735
0.903712	7.191878
-0.365386	3.130765
0.468564	5.799405
-1.526680	-0.585375
1.344758	8.603225
-0.296271	3.351933
1.429751	8.875203
0.736492	6.656774
-0.109428	3.949832
0.316227	5.311928
-0.794236	1.758443
-1.889614	-1.746765
0.251424	5.104558
-0.987631	1.139581
1.316885	8.514033
1.743058	9.877786
0.806091	6.879490
-0.099652	3.981113
-1.386990	-0.138368
1.713703	9.783849
0.400059	5.580190
-2.966205	-5.191855
0.268577	5.159445
-0.424100	2.942879
-1.459299	-0.369755
-0.018200	4.241759
-0.506892	2.677945
-0.405948	3.000967
-0.325670	3.257857
-1.700398	-1.141275
-1.776456	-1.384658
0.461344	5.776301
0.168869	4.840380
0.999282	7.497701
-0.916174	1.368244
1.267464	8.355885
-2.453909	-3.552508
0.464161	5.785315
-1.111498	0.743205
-0.126998	3.893607
-0.604310	2.366209
0.376810	5.505790
0.470543	5.805739
0.986312	7.456200
-1.646241	-0.967970
0.909689	7.211005
-2.399450	-3.378240
-0.047246	4.148812
-1.310561	0.106204
2.471879	12.210012
-0.609700	2.348961
1.429773	8.875274
0.059228	4.489531
-0.467071	2.805372
0.537356	6.019540
0.678648	6.471673
0.796954	6.850254
-1.664978	-1.027930
0.067889	4.517244
-0.319263	3.278359
-0.793294	1.761459
-0.756460	1.879328
-0.898617	1.424425
-0.468335	2.801330
-0.965248	1.211206
-1.117444	0.724180
-0.254498	3.485606
-1.893438	-1.759003
-1.172234	0.548852
1.189658	8.106905
-0.370210	3.115327
0.414386	5.626034
-0.149182	3.822619
1.119428	7.882169
-1.420476	-0.245523
-0.331298	3.239846
0.499516	5.898452
0.491836	5.873875
-0.461944	2.821779
1.460948	8.975034
-0.933180	1.313824
-0.941281	1.287900
0.621947	6.290229
-0.854188	1.566599
-2.195207	-2.724663
-1.308729	0.112068
1.534121	9.209189
0.944478	7.322330
2.873159	13.494109
-0.768006	1.842381
0.907092	7.202694
-0.191041	3.688669
-0.153647	3.808330
-0.181756	3.718380
-2.817339	-4.715485
0.366559	5.472989
1.778786	9.992116
-0.242030	3.525504
-0.518368	2.641222
1.265231	8.348741
0.338052	5.381766
0.801524	6.864877
0.330866	5.358771
-0.137922	3.858649
-0.379760	3.084768
0.377717	5.508694
-0.403246	3.009613
-1.164440	0.573791
-0.016987	4.245641
-0.093253	4.001591
1.146989	7.970363
0.858612	7.047557
-0.205502	3.642394
0.034178	4.409370
-0.233813	3.551799
0.589277	6.185685
-1.058545	0.912657
0.354782	5.435304
1.384043	8.728938
1.991935	10.674193
1.146936	7.970196
1.124032	7.896902
-0.192719	3.683298
1.353924	8.632556
-0.376064	3.096596
0.585842	6.174696
-0.457956	2.834540
-0.739769	1.932738
0.106881	4.642018
-0.878436	1.489005
1.180524	8.077678
-0.272146	3.429133
-0.422394	2.948340
0.308735	5.287952
0.022106	4.370739
-0.108733	3.952055
-0.410770	2.985535
0.358101	5.445924
0.108366	4.646773
-0.563618	2.496422
-0.423605	2.944463
-0.617862	2.322840
-1.192688	0.483400
1.160591	8.013890
0.123547	4.695349
1.514485	9.146351
0.633848	6.328313
0.107558	4.644187
0.949721	7.339108
0.165812	4.830598
-0.954150	1.246720
-0.455088	2.843720
0.075152	4.540488
2.424148	12.057273
0.736489	6.656765
-1.216484	0.407253
-1.089628	0.813191
-0.711347	2.023689
-0.735451	1.946557
-0.419578	2.957351
1.182665	8.084527
0.897331	7.171460
-0.599269	2.382340
-0.629586	2.285325
-0.803637	1.728363
0.914016	7.224852
0.248278	5.094490
-1.801997	-1.466391
-0.827058	1.653414
0.723143	6.614056
0.367314	5.475405
1.502469	9.107900
-1.305925	0.121040
-0.329484	3.245651
1.466099	8.991516
0.507826	5.925044
0.872195	7.091025
0.797183	6.850986
0.082953	4.565451
-0.802382	1.732378
-0.338294	3.217458
-0.299227	3.342473
0.083541	4.567332
-0.912716	1.379309
0.094413	4.602121
-0.002791	4.291070
-0.479018	2.767143
0.937325	7.299440
-0.816060	1.688608
-1.805120	-1.476385
-0.745650	1.913921
-0.063162	4.097880
0.488559	5.863388
0.668846	6.440306
-0.610694	2.345778
0.839036	6.984916
-0.646620	2.230815
-1.612642	-0.860456
0.147031	4.770500
0.332937	5.365398
0.909216	7.209490
0.584038	6.168920
-0.392383	3.044373
0.132616	4.724372
-1.726987	-1.226357
1.541687	9.233399
-0.545662	2.553883
-2.137986	-2.541556
1.314638	8.506842
-0.768495	1.840816
0.067056	4.514579
-2.163570	-2.623423
-0.028913	4.207479
-0.087169	4.021058
0.493114	5.877966
-0.337527	3.219914
-0.208839	3.631714
0.905389	7.197244
-0.139209	3.854533
0.113023	4.661675
-1.783496	-1.407188
-0.888281	1.457500
0.372782	5.492901
0.314477	5.306327
-0.233095	3.554095
-0.219226	3.598477
0.016790	4.353728
-0.887715	1.459313
0.043434	4.438988
-0.087492	4.020024
-0.121530	3.911105
0.514228	5.945528
0.107725	4.644721
-0.398512	3.024762
1.706154	9.759694
1.003085	7.509872
-0.270348	3.434887
0.154680	4.794975
-0.315784	3.289490
0.055069	4.476221
1.305035	8.476113
-0.301334	3.335730
1.582720	9.364703
2.317156	11.714901
1.084253	7.769609
0.359925	5.451761
-0.748433	1.905016
1.549692	9.259015
0.483694	5.847819
-0.332603	3.235670
1.455256	8.956818
0.927144	7.266862
-1.689824	-1.107437
0.950599	7.341916
-0.026130	4.216383
0.421925	5.650159
-0.910951	1.384956
0.196421	4.928547
-2.292685	-3.036592
-0.271360	3.431649
1.130510	7.917631
0.720285	6.604913
-0.294907	3.356298
0.675033	6.460106
-0.761654	1.862708
-0.830150	1.643520
1.413611	8.823557
0.011348	4.336313
1.053087	7.669879
-0.093074	4.002162
1.748275	9.894478
-1.200748	0.457606
-0.164632	3.773176
-1.338486	0.016846
1.521651	9.169284
0.921648	7.249274
0.287567	5.220216
1.047009	7.650429
-1.721663	-1.209322
0.473094	5.813900
-0.480430	2.762625
1.433674	8.887758
1.114249	7.865598
-0.489368	2.734023
-0.289229	3.374466
-0.643084	2.242130
-0.828369	1.649219
0.823820	6.936225
-1.256348	0.279687
-0.790468	1.770502
-0.272529	3.427907
0.521901	5.970083
-0.351960	3.173728
1.066230	7.711935
0.966356	7.392340
0.851381	7.024419
-1.989457	-2.066262
-0.847566	1.587788
2.343884	11.800427
0.479274	5.833677
0.029185	4.393391
-0.358559	3.152611
-0.795623	1.754005
0.563489	6.103164
-1.291706	0.166542
-0.854192	1.566587
1.093630	7.799615
-0.369197	3.118570
0.687475	6.499920
-0.502530	2.691906
0.079887	4.555640
0.840704	6.990253
1.220888	8.206843
-1.057266	0.916749
-0.357061	3.157405
0.644342	6.361893
-1.020700	1.033760
0.449484	5.738347
-0.424361	2.942045
1.276435	8.384591
0.239072	5.065030
0.695860	6.526751
0.662533	6.420104
-1.597339	-0.811485
-0.865860	1.529248
0.926272	7.264071
-0.276941	3.413788
0.453164	5.750123
0.022052	4.370568
-1.614006	-0.864820
-2.364778	-3.267290
-1.011322	1.063769
0.426788	5.665722
-1.461809	-0.377788
1.627576	9.508242
0.722358	6.611544
0.716376	6.592403
0.658839	6.408283
0.377243	5.507176
0.823800	6.936161
-1.523523	-0.575273
-0.356072	3.160568
0.894326	7.161844
-0.889789	1.452675
0.304120	5.273184
-0.345900	3.193119
0.225755	5.022415
-2.175690	-2.662207
1.235562	8.253798
-0.207924	3.634644
-0.471795	2.790257
0.236164	5.055723
-0.705573	2.042168
1.044814	7.643404
0.751183	6.703787
0.335234	5.372750
0.162939	4.821404
-0.727305	1.972624
0.224485	5.018351
0.789299	6.825757
1.058319	7.686621
0.271760	5.169633
-0.147353	3.828470
0.511187	5.935798
-2.195825	-2.726640
-0.129641	3.885150
0.312985	5.301553
-0.719779	1.996707
-0.746653	1.910710
0.663678	6.423770
2.325945	11.743023
0.097379	4.611612
0.489038	5.864923
-0.041389	4.167557
1.161866	8.017971
-1.672834	-1.053070
1.634370	9.529984
-1.374373	-0.097995
0.073905	4.536496
-0.328030	3.250304
0.323114	5.333966
-1.495925	-0.486960
-1.614176	-0.865364
0.965245	7.388785
-2.251450	-2.904639
1.133818	7.928218
0.265472	5.149510
0.068069	4.517820
-0.300081	3.339742
0.666714	6.433484
-1.702503	-1.148009
0.832075	6.962640
0.525813	5.982601
1.243460	8.279072
2.895010	13.564032
-0.418353	2.961272
-0.960125	1.227599
0.307862	5.285157
-0.286053	3.384631
0.538507	6.023222
0.420842	5.646694
0.812263	6.899241
-0.447906	2.866700
-0.832066	1.637389
1.283022	8.405670
1.712814	9.781005
-0.804779	1.724707
-0.415735	2.969649
-0.572675	2.467442
1.143493	7.959179
-0.083493	4.032822
-0.554631	2.525180
-0.884085	1.470926
0.300332	5.261061
-0.739160	1.934689
0.007763	4.324842
1.362516	8.660052
0.668212	6.438279
1.057734	7.684748
-0.155887	3.801160
-0.145469	3.834499
0.729304	6.633772
0.431229	5.679931
-0.008655	4.272305
0.721550	6.608960
-0.904289	1.406274
-0.545517	2.554344
0.272735	5.172753
-0.442186	2.885004
0.573253	6.134408
-0.165383	3.770774
-0.627052	2.293432
-0.473303	2.785429
-1.558500	-0.687199
2.302296	11.667348
1.321980	8.530334
0.705535	6.557713
0.399628	5.578808
-1.028003	1.010389
0.803908	6.872507
1.009015	7.528849
-0.618675	2.320241
-0.295559	3.354212
-0.247984	3.506452
1.250515	8.301650
0.280179	5.196572
0.417788	5.636923
0.929098	7.273113
0.354742	5.435174
-0.520193	2.635382
-0.454916	2.844270
1.787092	10.018695
0.798552	6.855367
-1.059472	0.909688
-0.611679	2.342628
0.355212	5.436677
1.138244	7.942382
-1.966243	-1.991977
1.520304	9.164974
-0.425645	2.937938
-0.216846	3.606093
0.545811	6.046595
-2.096868	-2.409978
1.124299	7.897756
0.479904	5.835692
0.476714	5.825485
-1.139933	0.652215
0.854219	7.033500
0.815480	6.909537
-1.111934	0.741811
-0.967930	1.202625
0.822468	6.931899
0.886233	7.135945
-1.046016	0.952748
-2.118442	-2.479014
-0.321202	3.272155
-0.779329	1.806146
0.962595	7.380305
0.538464	6.023086
-1.233255	0.353583
1.639276	9.545682
-0.907853	1.394871
-0.037285	4.180689
1.022575	7.572241
0.464500	5.786398
-1.163685	0.576209
-1.459517	-0.370456
-0.001660	4.294687
1.264984	8.347949
0.828331	6.950660
0.157482	4.803944
0.124142	4.697255
-0.528581	2.608540
-0.976991	1.173630
1.530880	9.198817
0.805819	6.878622
0.072167	4.530935
-0.947302	1.268635
0.683422	6.486950
-2.204854	-2.755534
-0.808372	1.713209
-0.991295	1.127857
1.912643	10.420458
-2.530221	-3.796707
-0.737707	1.939337
1.014203	7.545450
-0.302788	3.331077
-1.856512	-1.640838
1.088039	7.781725
1.550429	9.261374
0.332625	5.364399
0.365190	5.468609
-0.441853	2.886069
-0.129902	3.884313
-0.495639	2.713957
1.388364	8.742764
-0.937165	1.301072
-0.437735	2.899248
0.948630	7.335616
-1.068140	0.881951
0.329459	5.354268
0.692954	6.517452
-1.250454	0.298546
-0.644276	2.238317
0.034541	4.410530
1.877389	10.307646
1.786172	10.015751
-0.091675	4.006639
-0.140633	3.849974
0.964666	7.386930
0.593840	6.200289
-1.635120	-0.932383
0.367478	5.475930
-1.030444	1.002580
1.093045	7.797744
-1.454447	-0.354231
0.848794	7.016142
1.087804	7.780973
-0.004325	4.286161
0.909506	7.210420
-0.943001	1.282398
-0.748592	1.904506
-0.231561	3.559006
-0.881530	1.479104
0.086918	4.578138
0.743568	6.679417
1.215259	8.188828
2.181857	11.281943
1.470120	9.004384
-0.369426	3.117837
0.213044	4.981741
0.303674	5.271756
-0.248044	3.506259
-0.283650	3.392322
-0.792550	1.763841
0.191898	4.914075
-0.021246	4.232013
-1.287097	0.181289
-0.937885	1.298768
-0.346599	3.190885
0.335097	5.372311
0.080868	4.558778
1.917351	10.435522
-0.709571	2.029374
0.272834	5.173070
-0.459088	2.830919
0.415898	5.630874
-0.898269	1.425539
2.012517	10.740053
-0.720900	1.993120
-0.297332	3.348538
-1.046617	0.950826
-1.561227	-0.695928
0.900968	7.183098
-0.453129	2.849987
1.076252	7.744007
-0.307165	3.317073
0.266294	5.152140
0.991174	7.471758
-1.147695	0.627377
-0.588871	2.415611
0.150890	4.782847
0.487259	5.859230
-1.280851	0.201276
0.096859	4.609948
0.984019	7.448860
-0.501891	2.693948
-0.791765	1.766353
0.250394	5.101260
1.131484	7.920748
-1.997932	-2.093383
0.283038	5.205723
-0.408000	2.994399
-1.247164	0.309075
-0.400846	3.017293
-0.107719	3.955299
1.529605	9.194737
0.076702	4.545446
-0.418461	2.960924
1.598312	9.414598
0.662512	6.420039
0.192649	4.916478
0.012018	4.338459
0.450051	5.740163
1.359082	8.649061
-2.884095	-4.929105
-2.039285	-2.225712
0.407476	5.603923
0.031490	4.400768
1.415857	8.830741
-2.230809	-2.838590
-1.206442	0.439384
1.278130	8.390017
-1.770113	-1.364363
1.114296	7.865748
1.341873	8.593995
0.147155	4.770897
-0.317583	3.283736
-0.985163	1.147479
-0.609535	2.349487
1.324695	8.539025
1.234016	8.248852
-0.926783	1.334294
1.026518	7.584858
0.516172	5.951749
0.373618	5.495579
0.699125	6.537200
-0.728800	1.967840
-1.030493	1.002422
0.539648	6.026872
-0.668843	2.159701
-0.763177	1.857832
1.328396	8.550869
-0.126351	3.895677
-0.791530	1.767103
-1.338102	0.018074
-0.768046	1.842251
1.332001	8.562403
-0.658407	2.193098
-0.905748	1.401608
-1.238855	0.335664
1.182060	8.082592
0.591166	6.191732
0.540813	6.030601
-0.523814	2.623795
-1.953647	-1.951670
0.601176	6.223763
-1.214417	0.413864
-0.821136	1.672363
-0.124022	3.903131
0.270800	5.166561
0.635074	6.332237
-0.074041	4.063068
1.443596	8.919506
1.412512	8.820037
0.208084	4.965869
2.059434	10.890190
0.812135	6.898831
-1.286777	0.182315
1.621640	9.489247
0.228225	5.030321
0.025239	4.380763
2.556495	12.480784
-1.617170	-0.874945
1.624569	9.498620
0.431066	5.679411
0.021462	4.368679
-0.423855	2.943665
0.502978	5.909530
-0.670368	2.154821
-0.484396	2.749932
-0.409644	2.989139
1.146616	7.969171
0.261670	5.137344
-0.008586	4.272524
-0.633557	2.272618
-0.085554	4.026226
-0.312485	3.300049
1.639458	9.546265
1.896529	10.368893
1.082448	7.763833
0.693955	6.520657
0.663966	6.424693
-0.131022	3.880730
-0.850112	1.579641
-0.322986	3.266444
-1.357020	-0.042465
-1.352499	-0.027996
0.299042	5.256934
-0.337783	3.219093
1.229658	8.234906
0.428790	5.672129
-0.501211	2.696124
-0.274167	3.422665
-0.164668	3.773063
-1.573595	-0.735503
-1.628610	-0.911552
0.527421	5.987747
1.302741	8.468770
-2.629199	-4.113437
0.397435	5.571793
1.660631	9.614019
-0.423246	2.945611
1.180780	8.078497
1.518997	9.160790
-0.829341	1.646108
-0.242992	3.522425
0.346505	5.408816
0.548548	6.055355
0.676637	6.465239
-0.400107	3.019658
1.669274	9.641676
0.505314	5.917004
2.390033	11.948104
-0.192477	3.684073
-0.043437	4.161002
-0.342528	3.203909
0.007303	4.323371
-0.886778	1.462312
-1.164750	0.572799
0.519741	5.963170
0.081060	4.559391
0.599877	6.219605
0.736544	6.656940
-0.361956	3.141741
-2.894511	-4.962435
-0.115862	3.929242
0.170744	4.846381
-0.577252	2.452793
0.696258	6.528027
-0.531374	2.599602
-0.032903	4.194710
-0.242345	3.524496
-0.221636	3.590763
0.265248	5.148793
0.167329	4.835453
-0.100445	3.978577
0.158919	4.808540
-0.929638	1.325158
-1.548682	-0.655781
-0.053836	4.127726
1.208759	8.168028
-2.381470	-3.320703
0.474350	5.817919
2.114466	11.066290
0.340411	5.389314
-0.609525	2.349521
0.743570	6.679425
-0.056710	4.118527
0.662911	6.421315
-0.609763	2.348758
-0.831635	1.638768
-0.972367	1.188424
0.314281	5.305699
1.242871	8.277188
2.555646	12.478069
1.300789	8.462524
-1.495338	-0.485081
-1.074911	0.860286
1.142908	7.957307
-0.718692	2.000187
-0.937414	1.300274
-0.357387	3.156362
-1.672107	-1.050741
-0.890551	1.450237
1.942108	10.514746
-0.055706	4.121742
0.089786	4.587316
1.375952	8.703046
1.197738	8.132761
-1.302931	0.130620
0.577196	6.147026
0.178394	4.870861
0.914213	7.225483
-0.256981	3.477661
-0.375053	3.099830
1.273029	8.373694
-1.047555	0.947823
0.288953	5.224650
-0.083704	4.032147
0.331732	5.361542
-1.589028	-0.784891
0.113875	4.664401
-0.833180	1.633822
0.633178	6.326169
0.339382	5.386023
0.529231	5.993540
-1.281083	0.200534
1.279913	8.395721
0.976649	7.425276
-0.339441	3.213790
-0.626833	2.294133
2.111655	11.057295
-0.742281	1.924701
-0.135879	3.865188
0.150030	4.780095
0.501725	5.905519
-0.022905	4.226704
-0.805595	1.722096
0.533053	6.005769
0.547665	6.052528
0.420586	5.645874
-0.296361	3.351646
0.251750	5.105599
-2.031245	-2.199985
-0.222978	3.586471
0.003006	4.309619
-0.037761	4.179164
1.350251	8.620804
0.611870	6.257984
-0.609137	2.350762
-0.237475	3.540079
2.102350	11.027520
0.257074	5.122638
0.149267	4.777656
-0.039625	4.173200
-0.533612	2.592442
0.612493	6.259977
-0.176367	3.735625
-0.010470	4.266496
-0.069366	4.078030
-2.139983	-2.547946
-0.382810	3.075008
0.447424	5.731757
0.292900	5.237280
-0.733981	1.951260
-0.349896	3.180334
0.223448	5.015032
0.741435	6.672591
-0.621410	2.311487
1.467379	8.995613
-0.475648	2.777927
0.305900	5.278881
1.254857	8.315541
-0.539338	2.574119
1.333532	8.567302
0.162056	4.818580
1.710972	9.775111
0.269622	5.162790
-0.707230	2.036864
-2.401160	-3.383713
0.916226	7.231922
0.941986	7.314354
0.670473	6.445513
1.103747	7.831991
0.216982	4.994342
1.921568	10.449018
-0.851610	1.574848
2.477407	12.227703
-1.422058	-0.250585
-0.741810	1.926209
2.824634	13.338830
1.325150	8.540482
-0.007125	4.277198
1.222656	8.212500
-0.958068	1.234184
-0.130914	3.881075
-0.690239	2.091234
0.427857	5.669142
1.793534	10.039308
-1.447379	-0.331614
-1.123472	0.704889
1.314933	8.507785
-1.478057	-0.429781
0.359394	5.450062
-0.012288	4.260679
1.520251	9.164803
0.386953	5.538251
-1.300779	0.137509
-0.048965	4.143314
0.305487	5.277559
-1.042511	0.963963
-1.038266	0.977548
-0.564495	2.493615
1.418584	8.839469
0.547198	6.051034
-0.787294	1.780658
-1.096835	0.790129
-0.762190	1.860992
1.674436	9.658195
-0.238004	3.538386
-0.932029	1.317507
0.373123	5.493994
0.416306	5.632178
0.722865	6.613169
0.450278	5.740888
-0.450891	2.857148
0.555437	6.077400
1.489569	9.066621
0.512469	5.939901
-0.119063	3.918999
1.572696	9.332628
-1.725127	-1.220407
-0.500565	2.698193
-0.151376	3.815598
-0.555309	2.523012
-0.450911	2.857085
1.887415	10.339727
-0.837023	1.621527
-0.497763	2.707159
-0.343937	3.199403
-0.294757	3.356778
1.833043	10.165736
-0.170923	3.753046
0.906893	7.202056
0.806622	6.881190
-1.037803	0.979031
1.687240	9.699169
-0.160796	3.785452
0.131667	4.721335
0.084966	4.571892
-0.109804	3.948629
1.111159	7.855709
0.825631	6.942020
1.758604	9.927534
-0.345140	3.195553
-2.663451	-4.223044
0.182397	4.883671
0.512181	5.938980
-1.588233	-0.782347
0.642963	6.357481
0.143666	4.759730
0.487489	5.859966
0.000602	4.301926
-1.237978	0.338470
1.428381	8.870818
0.625165	6.300526
-1.032477	0.996075
0.137436	4.739795
0.077705	4.548657
-0.418726	2.960076
-1.198026	0.466316
0.311820	5.297824
-0.447697	2.867371
-0.137748	3.859207
-0.231578	3.558950
-1.088397	0.817130
-0.261233	3.464054
-0.776256	1.815980
-0.485547	2.746249
-0.461250	2.824001
1.550027	9.260086
-0.253385	3.489167
0.592200	6.195042
0.554955	6.075857
-0.386483	3.063256
-0.075442	4.058585
0.448590	5.735487
-0.071870	4.070015
0.899193	7.177417
-2.096221	-2.407906
-1.585388	-0.773242
-1.746502	-1.288805
1.685086	9.692274
-2.052029	-2.266491
0.190905	4.910896
1.060422	7.693352
1.267178	8.354970
0.505332	5.917062
0.648561	6.375396
-1.289041	0.175070
-0.052976	4.130478
-0.622443	2.308183
0.186325	4.896241
-0.245472	3.514489
1.214809	8.187390
-1.123340	0.705312
1.051974	7.666318
-0.074029	4.063107
0.297568	5.252217
0.516534	5.952910
-1.510311	-0.532996
0.789202	6.825446
-0.145444	3.834578
-1.174145	0.542735
-0.465459	2.810532
-1.949409	-1.938109
0.282530	5.204096
0.220674	5.006156
-0.061207	4.104136
0.757254	6.723214
1.703674	9.751756
0.379591	5.514690
-1.019620	1.037215
-0.310497	3.306410
-0.751764	1.894357
-0.811817	1.702185
-0.557569	2.515780
-0.141835	3.846127
0.692821	6.517026
1.178392	8.070856
0.170429	4.845372
-0.188118	3.698022
-1.103409	0.769091
-0.730649	1.961925
0.195994	4.927180
0.266393	5.152458
-0.524359	2.622051
0.144691	4.763013
-0.550735	2.537647
0.699940	6.539809
2.016715	10.753489
1.365572	8.669829
0.405583	5.597865
-0.962321	1.220574
-0.042743	4.163224
0.131988	4.722362
-0.991516	1.127147
1.465825	8.990639
-1.554385	-0.674032
1.119268	7.881656
0.052984	4.469548
0.243696	5.079828
-0.370762	3.113561
2.093900	11.000479
-1.252506	0.291981
0.088607	4.583542
1.404696	8.795026
0.355920	5.438945
-0.317628	3.283590
0.414984	5.627948
0.372948	5.493434
1.785932	10.014982
-0.869638	1.517159
-0.918926	1.359436
-0.559628	2.509190
1.224411	8.218116
-0.517741	2.643229
-1.051604	0.934868
-0.564284	2.494293
1.367520	8.676065
0.224477	5.018328
0.459492	5.770374
0.167064	4.834605
-0.070592	4.074107
-0.439118	2.894823
-0.761343	1.863701
0.643230	6.358335
-1.593768	-0.800059
-0.375721	3.097693
-0.596966	2.389709
0.186839	4.897883
-0.248113	3.506039
0.281989	5.202364
1.421871	8.849989
0.475874	5.822798
-0.184965	3.708111
0.725971	6.623106
1.869961	10.283876
1.196803	8.129769
0.769843	6.763496
1.150562	7.981799
-1.337568	0.019782
0.333683	5.367784
1.812674	10.100557
2.828473	13.351113
1.015561	7.549794
1.205524	8.157677
-1.149366	0.622028
-0.563496	2.496813
0.013951	4.344644
0.103861	4.632355
0.769988	6.763962
-0.131514	3.879154
-0.294819	3.356580
0.330912	5.358918
-0.712130	2.021184
1.908155	10.406095
0.733081	6.645861
1.271053	8.367369
1.325919	8.542940
0.194423	4.922153
-0.110351	3.946877
-0.045180	4.155425
-0.842009	1.605570
-0.543497	2.560809
0.743255	6.678416
-1.284225	0.190480
-2.160922	-2.614952
-1.050924	0.937043
-0.989935	1.132208
0.763587	6.743478
-1.683768	-1.088058
0.837005	6.978416
-0.826837	1.654121
0.207381	4.963619
-0.549534	2.541492
-1.990286	-2.068914
0.885364	7.133164
-0.098124	3.986004
-1.923554	-1.855374
-0.304984	3.324053
-0.224092	3.582905
0.489232	5.865543
-0.704812	2.044602
0.391882	5.554022
1.186047	8.095349
-1.487321	-0.459427
-0.117671	3.923452
0.548263	6.054442
-1.518256	-0.558419
-0.183155	3.713905
-1.990097	-2.068312
-0.369739	3.116837
0.885437	7.133400
-1.943004	-1.917614
0.788440	6.823008
2.239191	11.465411
-0.517734	2.643253
-1.147036	0.629484
0.741092	6.671494
-0.192469	3.684100
-0.360933	3.145016
0.833449	6.967037
1.154452	7.994247
-0.964655	1.213103
0.993209	7.478268
-1.507798	-0.524953
-0.112368	3.940422
-0.042405	4.164304
1.043725	7.639920
-0.019969	4.236098
-1.235288	0.347078
0.136006	4.735220
-1.126546	0.695051
-0.292631	3.363580
-0.745727	1.913673
0.757772	6.724870
0.839943	6.987819
0.316231	5.311938
0.319718	5.323099
0.056239	4.479964
-0.388797	3.055851
2.127739	11.108763
-0.114067	3.934986
0.926953	7.266248
-0.245862	3.513242
-0.688687	2.096202
-0.923729	1.344068
-0.356163	3.160280
-2.344472	-3.202310
0.345082	5.404262
-0.374465	3.101713
2.652744	12.788781
-0.393496	3.040814
1.761384	9.936430
0.017792	4.356934
0.677738	6.468760
0.846075	7.007440
-0.764881	1.852379
-0.375485	3.098447
0.321715	5.329488
0.489576	5.866644
0.279513	5.194440
0.564668	6.106937
-0.227448	3.572167
-0.127623	3.891608
-0.431820	2.918175
-0.360473	3.146487
-0.371283	3.111894
-0.817720	1.683295
0.471112	5.807560
0.049289	4.457723
-0.760249	1.867203
0.550538	6.061723
-0.071546	4.071053
-1.464877	-0.387606
-0.434581	2.909340
1.618095	9.477905
1.488851	9.064324
-0.226702	3.574553
-1.263060	0.258207
-2.572995	-3.933583
0.154225	4.793521
-1.302934	0.130612
0.403775	5.592079
0.850168	7.020538
0.623702	6.295845
-1.948639	-1.935645
-0.327429	3.252226
0.403704	5.591852
-0.570186	2.475404
0.200235	4.940752
-0.879939	1.484196
1.325712	8.542278
0.778879	6.792414
0.723546	6.615347
1.302747	8.468790
1.622899	9.493278
1.140105	7.948336
1.183247	8.086389
-1.840440	-1.589409
-0.375552	3.098235
0.260454	5.133452
-0.977030	1.173505
-0.412993	2.978424
-0.864642	1.533146
-1.220202	0.395352
0.115455	4.669456
0.373081	5.493858
0.498443	5.895016
-0.193674	3.680244
0.943925	7.320560
2.594724	12.603118
-0.709641	2.029150
-0.960568	1.226184
-0.839781	1.612702
0.318858	5.320347
-0.826023	1.656727
-1.116352	0.727673
-1.503104	-0.509932
-0.348779	3.183906
0.049164	4.457326
0.697183	6.530985
-0.866609	1.526853
0.841665	6.993327
-0.847094	1.589298
1.442479	8.915932
-0.579544	2.445459
-1.348064	-0.013805
-0.237420	3.540257
0.920520	7.245664
1.179347	8.073909
0.821410	6.928511
-0.681348	2.119686
-1.891460	-1.752673
-2.572230	-3.931136
1.329180	8.553376
-1.997737	-2.092759
-1.765424	-1.349358
-1.402455	-0.187857
-0.678719	2.128100
-1.226200	0.376158
-0.099040	3.983072
-0.440342	2.890907
0.661135	6.415633
-0.384418	3.069862
-0.023987	4.223242
0.105390	4.637249
0.359054	5.448974
-1.267948	0.242566
1.341885	8.594033
0.363886	5.464435
-0.476071	2.776573
-1.886545	-1.736943
-0.051392	4.135546
-0.464911	2.812284
0.677832	6.469062
-0.099714	3.980917
1.410551	8.813763
0.043752	4.440006
-0.043999	4.159203
0.216677	4.993366
-0.089159	4.014690
1.181853	8.081930
1.407503	8.804010
0.523394	5.974862
1.451904	8.946094
1.181579	8.081053
-0.062006	4.101582
-0.746499	1.911205
0.818958	6.920666
-0.789458	1.773735
0.804708	6.875065
0.496842	5.889893
-0.320435	3.274607
-1.409364	-0.209963
0.869591	7.082692
0.045944	4.447020
0.261357	5.136343
1.463414	8.982923
-0.377841	3.090910
1.512795	9.140943
-2.024528	-2.178489
0.247830	5.093054
-0.635719	2.265698
0.599209	6.217468
-0.747123	1.909206
0.541520	6.032863
-0.820593	1.674103
0.424310	5.657790
1.295889	8.446845
0.404788	5.595321
-0.575215	2.459313
0.345041	5.404132
0.014048	4.344954
-1.513590	-0.543488
-0.972691	1.187390
-0.725244	1.979218
0.665170	6.428543
1.096534	7.808909
0.558403	6.086889
1.598880	9.416416
-0.161061	3.784604
1.046361	7.648356
-0.391307	3.047818
-0.327448	3.252168
-0.006075	4.280560
0.749825	6.699442
0.003358	4.310745
0.324423	5.338153
-0.116467	3.927306
-0.092489	4.004035
-1.272858	0.226854
0.225251	5.020804
0.096010	4.607233
-1.811179	-1.495774
-0.277147	3.413131
-0.629720	2.284895
0.129232	4.713542
0.135666	4.734132
-0.644599	2.237282
-1.248219	0.305698
-0.663346	2.177293
0.333314	5.366605
-1.531624	-0.601198
-0.220671	3.593854
0.168845	4.840305
0.618606	6.279538
-1.655434	-0.997389
1.200253	8.140808
1.665993	9.631176
-1.621646	-0.889267
0.515841	5.950691
-0.461643	2.822742
-1.047044	0.949460
1.596159	9.407709
-1.593114	-0.797964
-1.309926	0.108237
0.027289	4.387326
0.366622	5.473189
-0.237786	3.539085
-0.073586	4.064525
-1.483433	-0.446985
-0.960845	1.225295
-1.851801	-1.625763
1.012655	7.540497
0.149719	4.779102
-0.997358	1.108455
-0.127968	3.890501
-0.696499	2.071204
-2.777572	-4.588230
-0.870563	1.514199
1.869004	10.280813
0.797908	6.853307
-0.243620	3.520415
